1
4
11
0
-7
-5
1
0
24
-43
-14
-3
-11
18
-6
0
4
-7
0
-20
32
-16
-8
-9
21
2
0
2
0
-6
6
9
-44
4
3
-1
0
5
12
4
5
-10
9
1
1
0
-1
33
4
-5
-9
3
-16
5
0
-83
-4
-2
6
2
0
-4
-2
-2
-5
2
1
0
5
2
-6
19
17
-7
1
12
-38
0
5
8
-6
-1
-20
6
4
3
0
17
48
14
0
4
-4
1
4
-2
0
-11
0
-21
-6
1
21
8
1
3
3
-2
2
1
3
8
-7
1
4
-2
11
7
-7
-1
-4
-3
5
0
-17
18
-28
2
5
0
9
2
-22
-8
-23
-11
-2
-6
0
8
13
-12
-6
1
-2
-51
8
14
1
-21
13
-2
18
2
-5
4
-1
3
2
6
0
-1
19
-4
6
-7
-32
-27
-6
-66
-2
-3
-6
-3
-4
8
-45
17
-20
-1
15
-15
-1
6
1
7
0
-2
-4
-12
18
-7
-28
1
10
-6
-2
1
2
-3
