-1
1
-2
2
-6
1
1
-3
-20
-1
1
0
0
-1
-22
6
46
-7
-4
-6
-8
-1
0
7
-2
19
12
-1
4
0
2
-1
-18
-1
2
4
-7
-3
15
0
8
5
-7
-8
1
-17
-6
-14
4
2
-1
-8
-1
-2
2
7
0
-18
-2
0
5
1
-4
2
-7
0
4
1
0
-3
-13
-8
3
-1
0
1
-4
13
7
2
-1
0
1
1
5
3
0
-10
-3
9
6
-6
-1
-1
15
5
-3
5
-1
0
11
-2
5
19
0
-11
0
7
3
0
2
4
-1
-1
2
24
1
2
1
2
0
-5
2
11
0
-16
1
2
0
-8
-6
0
0
-17
-13
-2
1
1
0
-30
5
3
-1
4
0
-27
13
1
0
-2
15
0
-7
-6
0
2
5
-1
0
9
0
1
0
2
1
-14
3
0
0
3
0
-20
11
9
0
-1
0
5
-5
1
7
-3
2
12
4
24
6
1
5
1
-2
-4
-6
-12
20
1
14
-1
-5
0
