0
0
-1
-2
0
0
2
1
3
0
1
0
-7
1
0
1
-3
2
1
0
0
-1
0
2
-1
0
0
0
2
3
0
-1
-6
-2
-1
-2
1
-1
0
0
-1
-7
2
0
2
-5
11
0
0
3
1
-7
-1
0
0
4
3
0
1
0
-8
0
0
-1
11
0
-10
1
0
8
1
-1
0
0
-5
-6
0
0
0
0
2
7
-1
0
0
-3
0
-4
-7
-3
-2
5
7
-1
-1
-3
1
-4
2
1
0
3
-9
-3
0
0
0
1
0
0
-1
0
2
-4
-1
-1
0
-1
-1
2
-1
-1
-1
-5
10
-1
0
9
0
0
1
-1
-1
19
0
0
0
0
-1
-2
-3
0
3
1
-4
-1
7
2
0
-3
-1
4
0
0
-1
-4
1
-3
1
5
0
1
11
0
0
-3
0
0
0
0
-8
-1
-1
-3
-3
-2
3
5
0
0
0
-1
2
1
0
-1
8
1
4
9
-6
1
0
0
-5
3
0
-1
0
1
