1
1
-2
-1
30
-35
9
1
1
-1
1
1
0
2
1
2
3
0
-4
-8
0
1
0
-2
-2
0
0
4
-8
-6
-1
-5
0
1
-7
3
0
-2
42
-1
-2
-2
-8
-1
-5
4
-4
4
0
0
1
-2
-1
5
0
2
-4
0
-3
-12
0
10
1
6
0
-10
0
0
-7
-1
-2
0
-2
5
0
3
11
0
-2
1
-3
-1
-8
0
-2
0
0
2
-2
0
0
2
-2
0
0
-1
-10
-2
2
-1
5
4
1
0
-6
2
-1
-3
-2
1
0
4
2
7
-22
-18
9
5
-1
2
2
-2
2
0
-3
11
-3
-4
1
0
-2
0
23
2
5
2
1
-9
0
-5
10
-2
1
3
-1
0
-10
-7
-3
0
2
-4
-7
-9
7
1
-1
-18
0
-3
-5
-3
1
1
-12
10
-13
-3
-3
0
3
10
-5
-20
4
20
-9
-2
-2
3
1
9
-17
0
-6
3
1
0
-2
4
40
0
2
-5
-4
2
3
-4
2
10
