1
1
-5
-4
2
8
13
0
4
1
2
2
0
-2
1
-3
0
-3
1
-11
-2
1
0
-2
-1
2
0
-1
18
3
-3
4
-3
-7
0
-5
0
7
6
1
3
9
1
-1
6
2
-1
-16
0
1
2
1
0
-1
0
-17
-4
1
0
-1
-3
0
12
0
-5
17
3
-2
0
0
7
-6
-7
-2
1
-1
-11
12
-2
8
-4
0
-6
-13
1
-5
0
3
-4
0
-4
-17
0
3
-1
-10
-2
18
-2
1
3
-5
-2
6
3
0
0
0
0
0
10
-7
4
-4
5
-1
-4
1
0
-16
-3
1
-15
-1
-3
1
0
-5
3
0
0
0
-6
1
-9
0
-1
0
1
-1
4
-1
0
3
-6
3
-6
-2
0
-3
1
3
5
-3
-6
-3
-3
2
3
-2
-1
14
0
-1
-11
7
-2
1
0
11
0
-5
4
1
-7
-1
0
0
2
0
-3
16
1
-3
15
2
0
1
0
0
3
-10
-1
1
-1
-2
0
9
0
1
