-2
-5
1
2
2
2
-2
1
11
1
-1
-1
-4
-8
5
-7
0
1
1
-4
0
0
2
0
-9
-4
0
-2
17
16
0
-1
-6
0
-1
0
-1
0
-4
-3
0
6
0
0
3
-2
12
-10
-2
-1
4
0
0
5
-1
-2
-11
-4
-1
6
10
0
-2
1
5
0
1
-2
5
-21
2
-4
-1
-8
0
-25
2
0
0
-5
6
-8
0
-2
-1
16
2
-2
-3
23
-8
-1
1
2
0
0
12
5
-2
-2
0
4
4
0
1
0
8
2
0
2
0
-3
-31
1
-1
7
1
0
0
-2
0
0
2
0
3
-1
-2
-1
-28
7
-8
24
0
1
0
-5
0
19
-1
-1
-1
0
-1
2
0
0
0
-4
-3
-5
0
21
0
0
-5
-4
-1
0
-1
1
-9
2
1
3
-3
-1
1
2
22
-8
-7
-3
-1
0
2
3
0
-2
-3
10
-3
-1
0
1
12
1
28
4
-9
2
2
12
10
-1
2
0
9
0
-1
-1
