-6
4
3
-26
4
0
2
2
0
15
0
0
3
-5
-1
1
0
4
4
1
-11
11
11
-1
-2
-11
1
3
0
-1
7
-3
3
0
-6
2
2
1
0
0
-1
0
-5
-1
-2
2
2
0
4
0
0
-2
6
-5
2
0
0
-1
-4
-3
1
0
0
3
0
3
0
11
-6
-1
1
9
10
-1
4
5
0
-6
1
-4
-5
4
0
-1
4
-9
4
3
-5
-7
3
0
0
4
-1
-5
1
0
0
0
10
0
-1
0
0
-1
0
5
4
1
0
0
0
-1
0
0
0
-2
14
-3
-2
1
-1
0
1
7
1
2
15
0
0
-1
-1
7
6
-5
-1
5
28
-3
0
6
3
-5
2
-3
0
2
0
4
-1
-2
3
5
4
-5
1
-3
0
3
-2
2
0
3
-5
-1
-7
0
0
0
0
-10
-1
7
3
0
2
15
0
0
-2
0
0
1
1
-5
-1
-14
1
1
9
-2
5
-2
-2
-3
1
0
-1
-5
