13
0
1
-4
-3
0
0
1
1
-1
4
-2
4
0
3
1
-1
11
0
-7
2
-3
6
9
1
2
0
2
0
0
-1
1
3
0
1
0
0
0
4
-4
3
1
-2
0
-41
-6
-5
-5
0
0
9
-3
-8
0
-7
0
-13
-3
-1
-14
0
-9
15
2
1
-2
0
-8
-2
-1
-1
-3
1
-1
-2
-1
-7
3
-2
1
4
2
20
5
0
5
-1
-1
-1
4
0
-2
0
3
1
0
-1
-2
8
-5
-7
2
0
5
1
2
0
-1
0
-11
1
7
-8
1
1
7
1
0
-2
3
24
1
-1
7
1
1
2
1
-3
-8
0
0
9
-6
11
2
0
-3
-1
0
-4
5
1
-2
9
4
-6
0
0
3
0
-5
0
4
0
-5
-1
-2
3
5
0
5
4
-12
1
-2
0
-2
-16
0
6
1
-3
0
-1
0
2
0
0
5
0
-1
-5
-2
3
0
0
0
1
-2
1
10
4
-4
2
-1
7
-6
2
5
