7
0
4
1
-1
0
1
0
-9
2
-3
-4
-14
-16
2
-2
-3
2
2
-1
-6
0
0
-10
-7
0
11
1
-3
-6
13
-7
1
0
-15
-2
5
1
-2
-1
-2
-4
-7
-1
-4
-3
-1
-3
2
0
-6
-4
-3
-7
-25
0
-8
1
0
-4
13
2
-2
3
13
-2
-2
2
-2
5
4
-7
0
-7
20
18
-2
16
-6
1
0
-1
2
-4
2
0
0
1
2
-5
1
0
7
10
7
0
-4
7
-1
0
3
-4
0
2
1
-10
-1
-5
7
3
6
-4
-1
-6
-8
-5
1
-7
0
-3
-7
7
-31
-5
6
-8
2
21
-14
-2
9
4
1
-35
1
-1
3
0
0
0
-1
-1
0
2
-7
3
-6
7
-1
2
-27
-6
4
4
7
-2
-10
13
-6
-2
4
26
1
2
1
10
10
2
4
10
4
-2
-6
-7
0
0
2
2
-14
0
-2
0
3
0
2
-5
0
-1
-3
-10
-1
15
1
-4
0
0
4
7
-1
5
