-1
-3
0
4
1
9
-5
2
-1
-6
0
1
0
-8
1
-3
2
0
0
-2
2
0
5
-1
1
1
2
-3
-4
-7
-2
-1
-2
-15
0
-2
7
3
0
-2
-4
2
-5
2
0
0
2
5
0
-1
1
-6
4
-1
0
0
1
0
0
0
0
-1
-4
0
1
3
-3
0
-4
-4
-4
1
0
0
-10
-2
-7
0
-1
0
-2
0
-6
3
0
5
0
-15
0
0
-7
-2
0
-1
-4
10
4
-2
10
1
0
-16
0
1
0
0
0
-1
-1
1
5
5
1
0
11
1
4
0
-1
12
-2
0
-2
-5
2
-1
-3
0
2
-2
1
0
1
2
-2
0
4
5
-3
2
3
0
0
0
5
-5
1
9
16
2
12
-2
1
23
-14
3
3
0
1
5
-7
-1
3
7
-1
1
-2
0
-10
4
-7
2
-2
-6
7
0
1
1
-4
-4
3
0
-5
1
-1
4
5
2
-1
-1
7
2
-7
2
2
-1
3
-1
0
0
