1
-7
-4
2
0
2
-11
-9
6
-37
7
-31
1
14
21
-2
-23
5
-3
4
6
2
17
-6
21
1
-6
-1
-39
11
0
-57
-1
1
1
-3
0
-5
1
0
0
-2
-15
-1
13
-3
4
-7
3
10
-3
0
28
14
0
-17
1
6
0
-10
12
19
-1
0
0
-10
6
-9
7
27
-1
6
-1
0
8
19
0
4
-5
-2
-16
-16
1
-4
16
0
7
3
0
1
1
-13
-3
0
0
2
2
40
-5
1
-1
10
0
-1
-19
-58
-6
6
24
0
-5
-6
-1
0
1
0
0
-1
0
-3
-8
0
-11
-4
-1
-1
-13
6
-9
-1
-9
-5
-2
2
4
6
1
3
-2
-18
-22
2
2
-12
-2
1
1
0
-11
3
-2
-32
2
7
5
1
-1
1
6
29
-4
-9
-4
1
-14
-17
-1
-1
-4
12
-9
-22
-41
-21
-3
0
-1
0
3
7
-1
0
-1
-10
8
34
0
-8
-3
1
19
4
0
0
1
2
-5
-69
-4
-6
