-2
7
-6
-52
3
3
-2
3
22
-5
-5
1
0
-5
-2
-16
0
19
-1
-3
11
-3
-4
25
-7
1
-5
25
1
-2
0
-1
-4
0
1
2
2
-13
-17
8
-1
7
-2
0
-8
6
3
14
9
-3
-3
-4
16
14
-3
3
2
-3
6
-2
0
5
-2
0
8
-20
-6
-14
0
-18
5
0
6
-9
-14
-1
-26
12
0
9
-2
19
-2
-25
13
-2
-32
3
1
-51
-2
-8
-7
0
-17
-22
0
0
6
-20
43
-4
-2
-6
-46
0
-12
1
-1
2
-5
-12
-9
6
-5
-5
6
5
3
-7
1
2
7
-4
-2
0
23
-5
-9
14
9
0
4
12
10
2
-2
0
1
18
-9
3
1
3
0
2
-2
-24
0
9
-4
-8
1
-28
3
-22
-2
-4
1
0
-7
-2
-5
2
2
0
0
-1
4
-1
-19
-2
1
18
8
0
31
6
-4
11
7
6
-8
0
-3
16
-32
2
11
6
18
0
9
3
1
-2
-51
-8
6
8
