0
0
-1
6
-3
-17
0
-9
17
3
0
-2
0
2
-2
0
0
1
2
0
-1
0
12
-5
-2
-1
0
0
1
2
-1
24
-5
-1
1
3
2
-10
-1
0
0
15
2
0
3
-5
-7
0
-5
-6
-1
-2
4
-1
-1
1
-4
1
2
-1
10
-26
0
-3
1
4
7
0
1
-2
0
-37
-5
3
-4
9
2
-1
1
10
-2
0
11
-4
2
-3
-1
2
-5
-9
-1
-15
-4
2
-3
-1
1
12
-5
2
-8
-2
-4
0
-3
-1
4
-21
-4
0
12
0
0
0
2
0
-4
1
-1
0
-2
-18
7
-1
0
-8
0
-20
2
-2
0
2
-2
5
-2
0
1
1
0
5
-4
-1
17
0
1
3
7
-1
0
9
-1
1
5
10
4
-5
0
2
1
-7
8
4
11
0
2
0
7
5
-4
-1
-2
1
1
-1
0
0
14
-3
0
3
0
0
-4
0
0
0
4
-9
1
0
3
-3
-14
0
-5
-4
17
1
-3
1
