-4
-5
2
-4
1
-2
2
-3
13
2
-1
-1
0
-2
5
-1
0
0
1
0
0
-2
0
1
-3
1
0
0
-1
0
0
2
0
1
-1
0
1
0
-2
-2
-6
0
2
-9
1
2
0
-7
1
0
1
6
1
0
-1
1
2
-2
-1
-1
1
0
1
0
2
0
1
0
-1
10
8
2
0
5
0
-2
1
3
0
1
0
0
0
2
0
0
0
0
1
0
4
0
1
1
0
-2
-2
0
6
5
0
0
0
9
1
2
1
0
2
0
0
2
0
0
0
2
0
0
6
-1
9
0
1
0
0
-4
0
0
3
0
3
-8
-4
-5
6
1
0
0
0
-3
0
1
3
2
0
0
-2
0
5
0
-3
-4
3
0
-10
-2
0
-1
1
1
0
-1
0
0
4
0
-1
0
1
1
1
3
-1
1
0
0
0
0
-1
-3
0
3
0
-7
-7
-3
1
2
6
17
1
0
-1
5
0
0
0
8
-4
-2
