3
-27
-7
0
-25
1
6
8
0
-1
-1
-1
43
-10
0
-4
-1
0
-15
-4
12
2
1
0
1
0
13
2
-6
1
-8
11
55
-90
-4
1
-1
15
0
6
20
40
-11
-4
-4
11
3
14
-5
0
0
-21
7
-52
-6
-1
0
0
0
-9
3
11
0
3
3
1
2
-21
-3
1
-3
-8
2
-8
-1
6
1
-15
5
-40
0
5
-1
-5
1
-8
-8
8
-11
3
0
1
-6
9
-1
-11
44
0
-1
3
8
31
1
-44
-1
3
1
6
0
-21
3
-12
35
1
10
3
-2
9
5
9
7
-15
-7
0
-10
5
-1
7
-1
-1
-2
-2
-18
-17
-1
-5
-1
1
7
-8
7
-14
1
1
3
7
-2
12
0
2
-12
-20
18
7
0
0
0
2
0
5
-3
46
0
3
0
-9
-3
7
0
0
-2
13
-6
0
11
3
25
-4
8
-3
-4
11
18
2
3
-13
-3
14
0
-1
1
-41
-2
3
3
-6
1
0
-2
-2
