0
-2
-4
-5
0
0
0
0
3
-2
0
0
2
-2
-4
0
-2
0
0
0
-2
4
0
-5
1
5
0
2
-1
-1
-3
0
0
3
13
0
-7
-5
0
2
5
2
3
2
0
-3
0
-12
10
3
0
6
-1
-1
5
-11
1
3
0
-2
0
2
-1
5
28
11
-1
-13
0
1
2
-1
2
4
17
-3
0
1
-2
7
4
2
1
0
0
0
-9
-2
-5
1
-13
1
-1
-5
0
7
6
5
0
0
-1
4
1
0
0
-1
-1
2
1
-1
0
-1
-10
11
1
3
-2
0
-3
-2
0
-2
-4
9
-3
0
1
8
6
20
-3
-2
-1
-2
1
2
-9
0
-2
-16
-2
0
-5
-1
1
3
-2
-2
-5
0
1
5
0
0
-2
1
-2
-1
-1
1
1
-14
1
-1
1
-3
-4
2
0
1
-1
-5
6
-1
6
-1
0
0
-5
0
-1
0
7
-4
0
1
-8
0
-3
4
0
-7
-1
1
0
0
7
0
0
0
