0
0
-1
-5
1
6
0
1
0
-1
0
1
5
-1
1
-1
1
-1
-1
0
2
-8
1
13
0
2
0
0
0
2
11
1
0
0
2
-1
0
0
-1
0
2
0
0
0
1
-2
3
2
2
0
-1
0
1
0
-1
-3
0
-1
2
1
-1
0
1
-4
1
-1
1
-1
-5
1
0
1
1
1
1
-1
-4
0
1
0
0
-2
0
-3
0
1
0
-1
0
0
0
0
1
0
0
-1
6
0
-3
0
1
2
7
0
0
0
0
6
0
3
0
0
1
3
-1
0
0
0
0
-13
-1
1
0
-2
1
-1
0
0
0
0
-1
-1
1
0
6
3
0
1
1
2
0
0
0
-1
0
1
0
0
-2
-1
5
0
0
0
2
-1
0
0
0
0
1
0
0
0
1
-2
0
-1
0
0
1
-1
-1
0
3
0
3
0
2
0
0
0
0
0
0
-12
5
1
-4
5
0
1
0
2
-2
0
0
5
0
0
