-1
6
21
-2
6
-6
2
-2
6
-2
-15
0
0
0
-4
2
-1
-3
3
1
0
17
0
-11
-1
11
1
19
1
-2
1
-5
-6
-52
-7
10
-1
29
3
1
8
-4
12
-5
-2
-7
-2
3
-2
5
17
-2
2
0
3
-13
20
-3
-2
0
4
1
-10
-1
-2
-4
1
-10
0
5
1
5
-18
-1
29
-6
2
50
1
45
25
-5
-5
-2
9
-3
26
19
-2
-1
0
-1
2
0
-1
-4
-12
2
2
2
9
9
0
-3
9
11
-3
2
12
-12
-1
-17
1
-43
-2
8
-103
35
3
-12
-1
1
-2
24
-6
-2
-5
19
-57
3
5
3
0
-3
-72
-20
-6
35
-3
3
1
-1
4
0
0
6
0
11
-7
31
21
-9
20
3
4
8
-2
9
-23
7
3
6
1
4
-7
11
-7
-17
24
-5
25
40
-6
13
0
1
2
-2
8
-10
23
-1
26
3
1
18
-19
-11
-4
8
-4
-10
-5
-34
6
-34
116
2
11
-6
