-6
1
-4
12
-1
1
0
2
-2
0
2
1
0
-18
-5
-3
0
0
12
-2
11
-4
1
-2
4
1
0
5
13
1
-1
2
0
4
6
-2
0
-12
1
-4
-2
11
-10
-3
-1
0
-1
-2
-1
1
1
-3
0
-4
0
-2
0
-4
0
0
0
11
20
-1
0
-4
-2
-4
-3
-1
1
-3
2
2
3
-6
1
1
-1
0
0
0
7
0
2
2
6
0
0
3
4
3
7
-1
4
2
-1
-4
2
0
2
9
3
-4
2
3
-4
-2
2
-3
-1
-3
5
1
-2
6
-2
0
10
15
0
2
0
1
2
5
0
0
0
0
-1
1
-1
0
3
2
-4
7
1
-2
-8
0
0
0
0
0
2
-2
-6
1
1
0
-4
17
0
2
-1
-2
-2
-2
2
2
-1
0
-1
1
-2
0
1
1
-2
1
2
8
0
0
0
-5
-5
0
5
-1
-3
7
3
0
2
5
6
0
-1
0
1
0
0
-1
-10
-4
8
0
