1
1
0
2
0
-2
0
-1
0
1
-2
1
-4
-1
-1
-6
9
-12
0
2
0
-1
0
0
13
4
-3
-20
0
-5
-5
1
2
0
-5
-3
-2
-3
0
-2
0
-6
0
0
-5
1
-16
0
0
-2
0
1
0
-3
-2
1
0
1
1
0
0
-3
0
1
-5
-1
-2
0
5
0
-1
-1
-2
0
5
-1
0
0
1
4
2
1
0
-1
0
-1
1
0
-1
-2
-3
-14
0
-4
0
1
0
-3
-2
0
0
0
0
-1
-4
6
4
3
-4
0
1
0
0
0
0
2
0
1
-3
2
0
7
1
4
0
1
3
2
0
-3
5
2
-3
0
0
0
-2
-1
0
-19
-4
-6
-2
-1
-3
0
0
1
-1
-1
0
0
0
-4
0
0
-3
0
3
-8
-4
-1
-2
0
-1
-1
2
-1
2
3
0
0
2
-1
-1
0
1
3
-2
2
-2
3
1
-1
4
3
0
-2
-3
-3
-9
4
-1
1
1
5
2
0
1
1
