2
0
-3
-8
-5
0
0
16
-2
1
1
-8
-5
6
-3
2
-1
9
1
0
-8
-1
-5
-4
10
0
0
1
7
1
-2
2
-5
-3
0
-12
0
-6
0
-1
-4
8
2
0
-1
2
12
-3
-3
-4
11
6
11
3
0
-5
1
0
0
0
3
-1
0
-14
0
-4
-2
0
-5
-2
-1
1
3
0
0
0
-2
0
-1
1
-4
15
-3
0
1
-2
-2
4
-3
-26
6
-1
-3
2
0
5
-4
0
0
-1
3
-2
-8
-3
-1
1
1
-15
2
1
-2
1
3
-2
-1
5
0
-6
2
0
-1
0
-7
2
0
3
0
1
4
0
1
-4
4
0
5
-10
0
6
-1
-3
1
-1
12
-3
2
-1
0
0
-6
6
-5
2
0
5
-4
0
1
-1
6
-2
-3
-1
15
-1
1
2
4
-2
0
0
0
7
0
2
8
-1
0
-7
-3
-1
0
-2
-1
0
4
0
0
-4
0
2
-3
0
-3
1
6
6
2
7
-4
-8
