-8e-05
-0.00058
-0.00063
4e-05
-0.00017
-0.00041
0.0
-0.00044
-1e-05
9e-05
0.00011
9e-05
1e-05
-6e-05
0.00021
0.00082
-0.00039
6e-05
-4e-05
0.00014
0.0003
-3e-05
-2e-05
0.00045
-2e-05
-0.00027
0.0002
0.00035
0.00085
0.00071
0.0002
3e-05
0.00019
3e-05
-3e-05
0.00118
0.00135
3e-05
-0.00018
0.00028
0.00075
-6e-05
0.00024
0.00036
0.00252
-1e-05
0.00012
-0.00028
0.00015
-0.00023
4e-05
0.00132
-0.00013
0.0
-0.00044
9e-05
0.00016
2e-05
-8e-05
-0.00019
-3e-05
0.00033
0.00033
-4e-05
-3e-05
-2e-05
1e-05
0.00038
0.00068
-0.00011
2e-05
4e-05
0.00125
0.00018
0.00321
-0.00096
-0.00028
0.00023
0.00096
0.0
-0.00011
-9e-05
0.00012
0.0
-0.00022
2e-05
0.00032
0.00141
0.00098
-3e-05
-0.00014
2e-05
4e-05
0.00036
-0.00058
2e-05
-0.00074
8e-05
0.00045
0.00088
-1e-05
0.00023
0.00021
0.00032
3e-05
-0.00049
0.0
0.00118
0.00018
0.00053
-4e-05
-0.00035
-0.00014
4e-05
0.00019
-0.00041
-0.00012
0.0001
0.00014
-3e-05
0.00028
0.00012
-0.00013
-0.00048
7e-05
0.00052
-7e-05
4e-05
-0.00054
-0.00059
0.00017
-7e-05
-2e-05
-0.00019
4e-05
2e-05
-6e-05
0.00023
0.00058
0.0006
-0.00121
-7e-05
0.00017
0.00028
0.00051
0.00075
-0.0001
6e-05
4e-05
-9e-05
0.00038
-0.00014
-0.0001
-5e-05
-0.00041
2e-05
0.00054
-9e-05
-0.00025
0.00014
-0.00053
-3e-05
-0.00086
-0.00077
-0.00013
8e-05
-0.00054
-0.00012
-0.00038
-0.00133
-0.00012
0.00039
-0.00042
0.00024
-5e-05
0.00141
-0.00024
-5e-05
3e-05
-6e-05
-0.00033
2e-05
0.00096
-0.00108
0.0
0.00083
-0.00028
-0.00013
-5e-05
0.0
6e-05
0.0005
0.00193
-0.0017
-4e-05
0.00066
-1e-05
0.00012
-5e-05
-0.00073
