1e-05
5e-05
-0.00013
-0.00029
-9e-05
0.0
-3e-05
0.00026
2e-05
0.00103
-2e-05
-0.00015
9e-05
-0.00014
6e-05
0.00049
0.0
-2e-05
0.0
-1e-05
0.00025
0.0
-9e-05
-0.00015
-0.00047
0.00045
-7e-05
-1e-05
5e-05
0.0
0.0003
3e-05
0.0
-0.00014
-3e-05
-3e-05
-2e-05
3e-05
3e-05
-4e-05
-1e-05
-7e-05
2e-05
7e-05
-3e-05
-0.00022
-0.00015
-0.00013
-7e-05
-0.00022
-0.00031
-1e-05
2e-05
1e-05
0.00014
-4e-05
-0.0003
-5e-05
1e-05
-0.00013
-0.0001
-3e-05
3e-05
0.0
0.0002
8e-05
0.00036
-2e-05
-0.00019
0.0002
0.00094
0.0
0.00038
0.0
-1e-05
-1e-05
4e-05
0.00021
0.00031
2e-05
5e-05
-5e-05
0.0
2e-05
0.00021
-3e-05
-2e-05
0.0
-0.00034
-0.00018
0.00021
-0.00011
-3e-05
0.0
2e-05
-0.00025
2e-05
0.00021
-7e-05
3e-05
2e-05
-5e-05
0.00024
-2e-05
2e-05
-0.00018
-0.00015
0.00045
0.00028
-0.00045
-0.00013
-1e-05
-6e-05
-0.0003
0.00023
-0.0001
-0.0001
-0.00043
0.00037
-0.00022
-3e-05
0.00019
3e-05
-0.00118
-0.00014
2e-05
0.00048
-4e-05
-0.00026
0.00024
-8e-05
-0.00015
-0.00018
7e-05
0.00032
-1e-05
-5e-05
-2e-05
-1e-05
0.00025
3e-05
-8e-05
0.00086
-0.00048
0.00014
0.00029
-0.00012
3e-05
-7e-05
1e-05
0.0
1e-05
0.0
3e-05
-0.00018
-0.00016
7e-05
1e-05
-0.00018
-0.00026
0.0
0.00028
-3e-05
4e-05
-0.00012
6e-05
-5e-05
3e-05
0.00013
0.0
0.00074
4e-05
0.00026
4e-05
0.0
-2e-05
-1e-05
-0.00014
4e-05
3e-05
1e-05
-2e-05
6e-05
3e-05
-0.0001
-1e-05
-9e-05
-2e-05
-1e-05
-0.0001
-0.00022
-0.0001
-0.00028
2e-05
-0.00016
0.00017
-0.00019
0.0001
-0.00021
0.00027
