0.0002
0.00025
6e-05
-0.00049
1e-05
0.0001
1e-05
0.00041
1e-05
4e-05
1e-05
-8e-05
0.00021
-0.00031
-2e-05
0.00065
1e-05
0.00124
-0.00022
0.00041
-9e-05
0.00016
0.00084
0.00033
-0.00087
2e-05
3e-05
-0.0001
-0.00021
-0.00025
-2e-05
0.00032
-0.00026
-0.00029
-0.00048
-0.00018
3e-05
-0.00055
-0.0002
-2e-05
0.00046
2e-05
-0.00043
5e-05
-7e-05
-0.00074
1e-05
5e-05
0.00025
9e-05
-0.00045
0.00042
0.00011
-2e-05
-1e-05
0.00053
-8e-05
-0.00036
-0.00023
-0.00011
-0.0003
7e-05
-0.00106
-0.00028
-9e-05
-9e-05
0.0001
3e-05
0.0
0.00075
6e-05
0.00213
0.00046
-0.00023
-0.00021
-0.00076
-3e-05
1e-05
-0.00145
3e-05
-2e-05
0.00037
-9e-05
-0.00012
-0.00094
-8e-05
-0.00018
-0.0011
-1e-05
0.00012
-9e-05
9e-05
-0.00037
-1e-05
0.00033
-9e-05
-0.00039
0.00011
0.00026
-0.00013
-0.00044
-0.00011
0.0
0.00019
2e-05
4e-05
0.0
-0.00049
0.00024
-0.00026
-0.0007
0.00017
0.00028
0.00046
0.0
0.00135
0.00067
0.00011
-0.00046
7e-05
-0.00018
-0.00018
2e-05
-6e-05
0.00053
9e-05
9e-05
0.00014
-0.0004
-7e-05
5e-05
3e-05
3e-05
0.00058
-0.00034
6e-05
-0.00017
-4e-05
0.00031
-2e-05
0.00016
2e-05
-0.00011
0.00022
-0.00018
-0.00036
0.00037
0.00055
-0.00014
0.00129
-3e-05
1e-05
-0.00059
0.00024
0.00054
-0.00017
-0.0004
9e-05
-1e-05
-0.0004
-0.00064
-0.00015
-6e-05
-0.00025
-0.0001
-1e-05
3e-05
4e-05
3e-05
0.00029
-6e-05
1e-05
-0.00016
-4e-05
0.00035
-0.00015
0.00087
0.00068
0.00071
-0.00016
-0.00012
4e-05
0.00184
-0.00038
-9e-05
0.00033
-0.00052
-6e-05
-0.00017
1e-05
-0.00013
-0.00024
6e-05
-3e-05
-3e-05
-0.00149
-0.00016
0.00072
0.00069
-2e-05
