-0.002
-0.108
-0.015
-0.095
-0.018
-0.173
0.599
-0.007
-0.034
0.001
-0.007
0.011
0.397
-0.066
-0.024
0.176
0.002
-0.085
-0.009
-0.009
0.166
0.029
-0.005
-0.012
0.066
-0.434
-0.477
0.094
-0.004
-0.005
0.0
-0.019
-0.006
-0.003
0.071
0.021
-0.045
-0.002
-0.463
0.012
0.039
0.171
0.041
-0.466
0.095
0.011
0.028
0.086
-0.149
-0.078
-0.062
-0.019
-0.006
0.004
0.002
0.24
-0.004
0.046
0.019
0.0
-0.006
0.086
-0.478
0.016
0.014
-0.06
-0.027
0.137
0.431
-0.005
-0.09
-0.011
-0.025
-0.015
-0.016
0.048
0.025
-0.049
-0.337
-0.002
0.495
-0.339
0.067
-0.007
0.007
0.054
0.016
-0.023
-0.012
-0.493
0.049
-0.034
0.278
0.031
0.276
0.055
0.388
-0.065
-0.108
-0.039
-0.33
-0.004
-0.046
0.059
0.318
-0.002
0.013
-0.084
-0.078
0.084
0.015
0.021
-0.036
-0.445
-0.248
0.063
0.004
-0.038
0.004
0.042
0.523
0.009
-0.002
0.32
0.005
-0.497
-0.065
0.101
-0.001
-0.178
-0.002
-0.019
-0.001
0.009
-0.018
0.006
-0.173
0.013
0.014
-0.004
-0.09
-0.009
0.362
-0.07
0.038
0.051
-0.032
0.303
-0.358
0.014
0.028
-0.006
0.009
0.34
0.026
0.035
-0.023
-0.003
0.044
0.044
0.038
-0.012
0.017
-0.268
0.122
-0.008
0.011
-0.043
0.027
-0.049
0.388
-0.24
-0.018
-0.018
0.013
0.18
0.093
0.001
-0.013
-0.477
-0.281
-0.044
-0.132
-0.033
0.089
0.289
-0.023
-0.01
-0.006
-0.07
-0.011
0.079
-0.021
0.038
-0.002
-0.047
-0.017
0.0
0.016
0.003
0.008
-0.204
-0.083
-0.141
0.414
-0.008
-0.001
-0.003
-0.027
0.037
-0.01
-0.035
-0.013
0.036
0.021
0.043
0.015
0.001
0.008
-0.005
-0.031
-0.075
-0.002
-0.009
0.013
-0.008
0.0
0.089
0.003
-0.054
0.05
0.031
0.028
0.428
-0.028
0.022
-0.296
-0.004
-0.009
0.048
0.049
0.485
0.256
-0.012
-0.001
0.235
-0.008
0.014
0.009
-0.007
0.069
-0.026
-0.385
-0.003
0.047
0.55
-0.029
0.021
0.017
0.022
-0.013
-0.015
0.009
-0.005
-0.49
-0.004
0.035
-0.041
0.084
0.097
0.242
-0.015
-0.002
0.408
-0.026
0.007
0.298
-0.012
0.012
-0.006
0.049
-0.124
-0.007
0.0
-0.007
-0.013
-0.338
-0.003
0.07
-0.009
0.06
0.072
-0.007
-0.424
0.015
-0.057
0.116
-0.012
-0.088
0.19
0.038
0.026
0.001
-0.036
-0.494
-0.006
-0.458
0.339
-0.006
0.016
-0.047
-0.002
0.276
0.002
0.165
0.027
-0.026
0.071
0.088
0.016
-0.09
0.024
-0.023
0.483
-0.061
0.023
0.005
-0.347
-0.01
-0.004
-0.019
0.157
-0.072
0.011
0.05
-0.042
-0.093
0.012
-0.081
0.038
0.001
0.0
-0.099
-0.02
0.03
0.004
0.0
0.452
0.582
-0.033
-0.002
0.434
0.024
-0.039
-0.057
0.004
0.004
-0.404
0.009
0.117
0.024
0.054
-0.01
-0.394
0.176
0.438
-0.002
-0.005
-0.275
-0.207
0.015
0.144
0.018
-0.005
-0.457
0.133
-0.001
0.488
0.022
0.049
0.045
-0.004
-0.006
-0.007
-0.003
0.012
0.029
0.054
-0.013
0.117
-0.001
-0.093
0.615
-0.006
0.019
-0.029
0.144
-0.032
-0.025
0.005
-0.024
0.014
-0.125
0.01
-0.017
0.02
-0.1
0.305
-0.003
-0.004
-0.47
-0.029
0.009
-0.394
-0.025
0.093
-0.051
-0.418
0.006
-0.249
-0.003
-0.037
-0.068
-0.011
0.014
0.052
0.038
-0.359
-0.015
-0.02
0.487
0.04
-0.006
-0.099
0.013
-0.407
0.545
-0.024
-0.048
0.003
-0.001
0.005
-0.269
-0.006
0.02
0.022
-0.335
-0.01
-0.004
-0.182
-0.094
-0.007
0.003
0.395
-0.128
0.087
-0.03
-0.001
-0.101
0.045
-0.05
-0.018
0.026
0.42
0.006
-0.005
-0.007
-0.109
-0.066
-0.487
0.356
0.013
0.035
0.023
-0.069
0.013
-0.005
0.255
-0.033
0.145
0.491
0.002
-0.018
0.038
0.01
-0.169
-0.003
-0.021
-0.015
0.485
-0.116
0.173
-0.019
-0.022
0.006
0.007
0.013
0.359
-0.015
-0.011
-0.076
-0.038
-0.455
0.0
-0.005
0.011
-0.042
0.079
-0.013
0.102
0.015
-0.025
-0.004
0.0
0.04
0.408
-0.073
-0.201
0.429
-0.003
0.005
-0.009
0.01
0.11
0.002
-0.08
0.142
0.131
0.443
-0.06
-0.34
-0.059
0.04
-0.426
-0.033
0.0
0.007
-0.001
0.276
-0.177
-0.236
-0.057
-0.103
-0.236
0.039
-0.021
-0.005
0.2
-0.015
-0.006
0.04
0.003
-0.003
-0.008
-0.005
-0.004
0.033
-0.03
-0.05
-0.043
0.227
-0.045
-0.026
0.049
0.007
-0.371
0.02
-0.077
-0.067
-0.037
0.08
0.004
-0.296
-0.051
0.012
0.079
-0.003
0.002
-0.452
-0.028
0.429
-0.015
-0.072
-0.036
0.434
-0.001
0.0
0.057
0.062
0.465
0.026
0.492
-0.015
0.063
-0.353
0.069
0.311
-0.032
-0.001
0.397
-0.036
0.116
0.037
0.483
0.049
-0.037
-0.105
0.061
-0.006
-0.278
-0.004
0.068
0.071
-0.001
0.014
0.013
0.01
-0.023
0.103
0.016
0.011
0.054
0.027
-0.191
0.094
0.034
-0.242
0.009
0.032
-0.001
-0.049
-0.061
-0.067
-0.189
0.046
0.057
0.402
0.02
-0.163
0.046
0.008
0.192
-0.007
-0.068
0.133
0.003
0.194
-0.275
0.036
-0.034
0.043
-0.016
-0.338
-0.479
0.034
-0.348
-0.119
-0.073
-0.001
-0.03
0.21
-0.04
-0.008
0.104
0.004
0.009
-0.274
-0.039
0.005
-0.176
-0.126
-0.057
-0.004
-0.017
-0.08
-0.015
-0.003
0.064
0.009
-0.436
-0.015
-0.014
0.039
0.011
0.05
-0.004
-0.112
0.004
-0.012
0.172
-0.03
0.091
-0.323
-0.037
-0.034
-0.085
-0.008
-0.003
-0.031
-0.053
-0.025
0.036
0.37
0.161
-0.421
-0.006
-0.063
-0.021
-0.005
-0.005
-0.342
-0.002
-0.017
0.051
0.036
0.048
-0.007
-0.135
-0.343
0.007
-0.25
-0.02
-0.152
-0.035
0.049
-0.018
-0.037
0.003
0.082
0.025
0.019
-0.009
-0.162
0.096
0.118
-0.385
-0.037
-0.191
0.046
-0.013
-0.044
-0.073
0.486
0.039
0.166
-0.408
0.34
-0.005
-0.034
0.003
-0.089
0.006
-0.009
-0.051
0.028
-0.082
-0.034
0.151
-0.026
0.639
0.491
0.153
-0.004
-0.042
-0.021
0.111
0.591
-0.027
0.111
0.071
-0.003
-0.043
-0.033
-0.001
-0.008
0.036
0.035
-0.03
0.009
-0.029
0.027
-0.017
0.017
-0.004
-0.03
-0.008
-0.037
0.051
0.032
-0.197
-0.099
0.006
-0.017
0.059
-0.02
-0.416
-0.002
0.054
-0.012
0.062
-0.018
-0.467
0.685
-0.001
0.027
0.32
-0.045
-0.009
0.661
-0.021
0.043
-0.082
-0.427
-0.031
0.029
-0.049
0.395
0.001
0.014
-0.03
0.492
-0.096
0.011
0.016
-0.055
0.287
0.042
-0.034
0.042
-0.415
-0.032
0.002
-0.142
-0.008
0.006
0.03
-0.003
-0.038
0.059
-0.034
-0.008
-0.034
0.004
-0.002
-0.05
0.069
0.005
0.047
-0.034
-0.065
0.0
-0.004
0.305
0.04
-0.241
-0.456
0.0
-0.042
-0.285
-0.007
0.019
-0.016
-0.001
-0.016
-0.023
0.058
-0.179
0.054
-0.001
0.041
0.008
-0.071
0.267
0.019
-0.008
0.248
-0.255
-0.009
0.138
0.055
-0.025
0.081
-0.011
0.038
-0.008
-0.051
-0.025
0.049
0.096
0.425
-0.007
-0.319
-0.002
0.045
0.008
-0.357
-0.033
-0.202
0.016
-0.016
-0.015
-0.003
0.042
-0.013
-0.075
-0.05
-0.473
-0.165
0.012
-0.055
0.014
0.452
0.045
-0.327
0.013
0.084
-0.026
-0.451
-0.01
0.554
-0.47
-0.013
-0.031
0.227
-0.054
0.049
0.478
-0.02
0.407
-0.025
0.377
-0.053
-0.008
-0.124
0.118
0.032
-0.034
0.294
0.416
0.025
0.191
0.362
-0.06
-0.001
-0.026
0.248
-0.011
0.302
0.039
0.433
0.007
0.418
-0.016
0.001
-0.16
-0.155
-0.012
-0.019
0.604
-0.017
-0.064
0.35
0.025
0.026
0.089
-0.103
-0.006
-0.034
-0.66
-0.065
-0.061
-0.001
0.26
0.024
-0.135
0.002
0.042
-0.499
-0.002
-0.235
0.006
-0.023
-0.147
-0.019
0.306
-0.021
-0.001
-0.007
-0.019
-0.21
-0.26
0.004
0.007
0.083
0.734
-0.498
0.188
0.019
-0.044
0.312
