-7e-05
0.00024
0.00011
-2e-05
-0.0003
0.00014
-2e-05
0.00022
-1e-05
-7e-05
-7e-05
-4e-05
5e-05
4e-05
0.0
-4e-05
0.0
-3e-05
-7e-05
-2e-05
4e-05
0.00012
2e-05
-0.00122
-4e-05
6e-05
-0.00014
-4e-05
0.0002
-0.00042
-0.00025
0.00042
4e-05
6e-05
-7e-05
0.0
3e-05
-4e-05
1e-05
0.0
0.0
2e-05
-0.00018
0.0
0.00029
0.00026
1e-05
0.0002
6e-05
1e-05
-3e-05
0.00058
1e-05
8e-05
0.00015
-5e-05
-0.00026
0.00012
0.00053
0.00028
-2e-05
0.0002
3e-05
1e-05
-3e-05
-3e-05
-0.00014
-0.00024
3e-05
-0.00017
4e-05
-0.00041
0.00128
0.0
0.00048
0.00034
0.0
-1e-05
-0.00048
8e-05
3e-05
-0.00016
-4e-05
0.00011
-4e-05
-0.00079
0.0
-0.00017
-1e-05
0.00022
-0.00018
-0.00011
0.0
-0.00028
3e-05
7e-05
-1e-05
-6e-05
-6e-05
-0.00016
-8e-05
-0.00032
-8e-05
-0.00157
-0.0002
-3e-05
0.00042
0.00012
-5e-05
8e-05
-7e-05
0.00016
5e-05
-0.00022
9e-05
0.00035
-5e-05
-0.0002
0.00081
6e-05
2e-05
0.00026
-7e-05
-0.00015
-0.0003
6e-05
0.00076
2e-05
0.0
-1e-05
7e-05
0.00023
-0.00018
1e-05
1e-05
-2e-05
-0.00012
6e-05
0.00036
4e-05
-0.00012
-0.00031
0.00029
0.00019
-0.00033
-0.00015
-0.00011
-0.00029
2e-05
-0.0001
-9e-05
-6e-05
-5e-05
1e-05
8e-05
-0.00035
0.00062
6e-05
0.0
-7e-05
-4e-05
-1e-05
6e-05
-0.00022
-2e-05
0.0
-8e-05
0.00013
-1e-05
-0.0006
-3e-05
3e-05
5e-05
-0.00027
0.00025
0.00074
0.00206
-0.00051
-0.00024
-6e-05
-0.00026
-0.00122
0.00023
0.00017
-1e-05
2e-05
-8e-05
-0.0004
2e-05
2e-05
4e-05
-4e-05
-0.00026
-0.00054
0.00065
0.00013
0.00059
0.0001
-0.00029
-5e-05
