0.0314
0.4942
-0.3364
-0.4064
0.373
0.6726
-0.1492
-0.1956
-0.4604
0.361
-0.5728
-0.6516
0.856
-0.465
-0.7722
0.38
-0.9208
0.3818
-0.6082
-0.8204
0.9812
-0.2602
-0.4096
-0.0214
0.3566
-0.1282
0.865
0.4144
0.3806
0.9092
0.8178
0.3446
-0.2492
-0.1382
0.3822
0.8036
0.452
0.0386
-0.6158
-0.8256
0.0344
-0.832
-0.2886
0.1744
0.9684
0.0004
-0.7052
0.8198
-0.2814
-0.6802
0.8664
-0.3348
0.2338
-0.2286
0.567
-0.3844
0.9588
0.7366
0.9284
0.0462
-0.4216
-0.6674
0.4702
-0.1778
0.3726
0.4366
-0.0502
0.2754
0.9268
-0.1174
-0.7104
0.1216
-0.019
-0.2086
-0.9162
0.0908
0.2238
-0.7304
0.8066
-0.6706
0.794
0.1328
0.9482
-0.1552
0.4206
-0.8326
0.0686
0.1068
-0.1662
-0.1926
-0.0018
0.0994
-0.324
-0.6674
0.1278
-0.0372
-0.5466
-0.3318
0.0374
-0.7668
0.0414
0.1296
-0.9248
-0.1874
-0.8998
0.7904
-0.7358
0.7848
0.9412
0.2786
0.5112
0.3484
0.1714
-0.009
-0.265
0.5558
0.8128
-0.5644
0.649
-0.8264
-0.3362
0.9162
-0.2434
0.6088
0.7976
-0.271
-0.026
-0.0134
0.197
0.076
0.379
-0.1012
-0.0194
-0.477
0.9782
0.0304
-0.2574
0.0248
-0.9226
0.5266
-0.2046
-0.9524
-0.019
0.113
0.8296
0.428
-0.6174
0.182
-0.7064
0.9796
0.641
0.6918
-0.306
0.7106
-0.0126
-0.4342
0.123
-0.6132
0.618
-0.782
0.8524
0.4122
0.7166
-0.753
0.0686
0.8236
-0.4124
0.5184
-0.6766
0.991
0.3186
-0.4886
-0.5948
-0.4046
0.9496
0.7176
-0.9602
0.6292
-0.0572
-0.9842
-0.407
0.4168
-0.9828
-0.6978
0.0294
0.2608
0.5806
0.7644
-0.1334
-0.8646
-0.5432
0.7852
0.984
0.765
0.2596
-0.815
-0.4836
-0.6864
-0.0662
0.9738
