-0.00023
-0.00027
0.00056
-0.00028
0.00051
2e-05
5e-05
-2e-05
-0.0014
-0.00067
-0.00233
-0.00121
0.00036
6e-05
0.00072
2e-05
-0.00031
0.00027
-9e-05
-0.00012
-0.00266
-0.00137
-0.00024
2e-05
0.00031
-0.00024
-7e-05
4e-05
0.00012
-0.00047
0.0003
-0.00032
-0.00011
-0.00031
2e-05
0.00014
0.00014
-2e-05
5e-05
0.0001
3e-05
-0.00098
-0.00016
-0.00073
-0.00015
-0.00027
0.00143
0.00053
-4e-05
-0.00201
-0.00045
0.00037
-0.00057
-0.00032
-0.00069
-0.00033
0.00018
-1e-05
-0.00379
-0.00063
0.0003
-5e-05
0.00044
7e-05
-0.00019
-0.00056
0.00129
-0.00103
2e-05
-0.00137
-5e-05
0.00123
-3e-05
-0.00037
0.00023
0.00091
0.00022
-5e-05
0.00055
0.00134
-9e-05
2e-05
0.00038
0.00053
0.00023
0.00011
-0.00101
1e-05
-3e-05
4e-05
0.00028
-0.00015
-0.00019
5e-05
9e-05
0.00026
2e-05
-4e-05
-0.00037
0.00013
0.00073
5e-05
-0.0001
-0.00018
-0.00026
-0.00017
1e-05
-0.00042
-0.00017
-4e-05
0.00045
0.00061
8e-05
0.00093
0.00021
4e-05
-0.00022
-0.00075
-0.00072
8e-05
0.00017
-0.00012
5e-05
8e-05
-0.00087
-5e-05
-0.0002
-0.00016
0.00033
-0.00053
9e-05
0.00018
-3e-05
0.00022
-0.00063
-0.00014
-0.0012
0.00296
-0.00053
0.0016
7e-05
0.00038
-1e-05
-0.00248
0.0
1e-05
6e-05
0.00016
0.00026
0.00101
-2e-05
0.00044
0.00215
8e-05
-0.00019
-9e-05
-0.00113
-2e-05
0.00016
0.00211
0.00018
9e-05
-0.00015
-3e-05
0.00015
-0.00104
0.00013
-0.00069
2e-05
-0.0002
2e-05
0.0
-7e-05
0.0
0.00016
0.00016
-0.00024
0.00051
5e-05
9e-05
-0.00017
-0.00076
-8e-05
0.00025
-0.00176
0.00021
0.00039
0.00062
-7e-05
-0.0003
2e-05
-0.00165
0.00072
-0.00058
-0.00013
-2e-05
-9e-05
0.00047
3e-05
3e-05
