0.0003
4e-05
-2e-05
-0.00018
0.0002
3e-05
-0.0002
7e-05
-0.00032
-2e-05
-0.00035
0.00011
2e-05
-4e-05
0.00033
-2e-05
0.0
0.0001
4e-05
-1e-05
0.0
-0.00011
1e-05
0.0
0.0
5e-05
1e-05
0.0
-2e-05
-0.00021
1e-05
0.0
0.00025
1e-05
9e-05
-6e-05
0.00014
0.0
0.0
0.0001
0.00013
9e-05
-1e-05
6e-05
0.0
-3e-05
7e-05
9e-05
0.00021
-0.00021
-0.00015
-7e-05
4e-05
1e-05
0.00014
-4e-05
6e-05
-0.00015
2e-05
0.00013
0.00013
0.0001
-1e-05
0.00013
0.0
4e-05
1e-05
2e-05
-0.00037
-2e-05
0.0
0.00049
-2e-05
-0.00026
0.00011
-0.00015
0.0
2e-05
-6e-05
4e-05
1e-05
0.00023
0.0
-1e-05
-0.00066
-6e-05
-0.00011
7e-05
1e-05
-0.00036
1e-05
0.0
-2e-05
-8e-05
0.00019
-4e-05
-0.00039
8e-05
-0.00019
-2e-05
-1e-05
3e-05
0.00012
0.00011
1e-05
1e-05
-0.00011
4e-05
-0.00047
0.0004
-1e-05
-5e-05
-4e-05
1e-05
-6e-05
6e-05
0.0
-4e-05
0.00019
0.0
2e-05
0.00018
4e-05
0.0
2e-05
3e-05
-2e-05
1e-05
-1e-05
1e-05
-4e-05
-1e-05
5e-05
0.0
0.0
0.00014
0.00012
-0.0002
-9e-05
4e-05
-5e-05
-2e-05
-1e-05
4e-05
0.00016
4e-05
0.00028
2e-05
3e-05
0.0
-0.00014
-0.00058
0.0
6e-05
2e-05
2e-05
0.00011
-0.00016
-0.0006
-7e-05
2e-05
4e-05
4e-05
0.0
-0.00011
2e-05
-3e-05
6e-05
-0.00028
-0.00046
0.00012
-7e-05
1e-05
-0.00012
-7e-05
-5e-05
-2e-05
-5e-05
8e-05
-0.0001
4e-05
-2e-05
6e-05
6e-05
1e-05
0.0
0.0001
5e-05
0.0
-4e-05
0.0
-2e-05
-2e-05
-1e-05
-0.00016
1e-05
-0.00051
-1e-05
-2e-05
0.00013
