-0.1102
-0.6676
0.103
-1.0
-0.8964
0.64
0.5206
-0.7488
0.5922
0.7914
0.4674
0.071
0.1292
0.425
0.8678
0.8076
-0.9684
0.8764
0.0594
0.1598
-0.1852
-0.1806
0.7816
-0.9728
0.513
-1.0
-1.0
0.778
0.7894
0.023
0.0068
0.219
-0.0658
0.17
-0.711
0.7142
-0.0686
0.1234
0.0734
0.7436
0.1796
0.0448
-0.158
0.0676
0.9998
0.7586
0.2312
-0.2724
0.5116
-0.3068
0.7782
-0.9014
-0.6784
0.0822
0.7254
0.967
0.5178
0.104
0.9228
0.147
-0.9314
0.0044
-0.7598
0.2
0.3682
0.1252
-0.3036
-0.1438
-0.465
0.9998
-0.5282
0.3416
-0.7612
0.6848
-0.1824
0.2074
-0.3968
0.5862
-0.7668
-0.1968
0.014
0.2124
0.183
0.944
-0.0172
-0.2808
-0.2548
0.2094
0.812
0.2692
0.235
0.263
0.5788
-0.7474
0.5172
-1.0
-0.9814
0.054
0.0732
-0.7434
-0.4056
0.8614
-0.3666
-0.8078
0.2658
-0.0636
-0.6948
-0.9428
0.7064
-0.007
-0.5288
-0.965
-0.1784
0.4378
-0.5378
0.196
0.0604
0.8878
-0.5918
-0.7296
-0.9568
0.0508
-1.0
-0.3044
0.1916
-0.0388
-0.1666
-0.7106
0.1232
0.4502
0.7618
0.8106
-0.173
0.1174
0.301
0.2224
0.0618
-0.833
0.5468
0.055
0.795
-0.7614
0.9998
0.4286
-0.9748
-0.492
-0.8896
0.126
-1.0
-0.4332
-0.251
0.0574
-1.0
0.9998
0.1162
0.0446
0.0592
-0.0944
-0.4656
-0.94
-0.899
-0.959
0.724
-0.4152
-0.5986
0.7516
-0.8464
0.5754
0.2782
0.0896
-0.3768
-0.5874
-0.252
-1.0
0.0756
-0.9484
0.014
-0.3114
-0.4996
-0.2378
-0.0022
0.8742
0.5718
0.7072
0.1106
0.9998
-0.0032
0.804
-0.158
0.9998
0.188
-0.3126
0.9998
-0.19
0.7504
0.5566
0.8272
0.0026
-0.9918
0.193
