0.0129
-0.0025
-0.0164
0.0067
0.0008
0.0073
0.0035
0.002
-0.0005
0.0014
-0.0006
-0.0052
-0.0069
0.0018
0.0008
-0.0015
-0.0067
0.0078
-0.007
0.0161
-0.0003
-0.001
-0.0045
-0.0006
0.0032
0.0024
-0.002
-0.0145
0.0015
-0.0058
0.0028
-0.0064
-0.01
0.0013
0.0048
0.0139
0.005
0.0033
-0.0102
-0.0011
-0.0015
0.0047
0.0023
-0.0017
0.0085
-0.0029
0.001
0.0001
0.0093
0.0052
-0.012
0.0009
-0.0073
-0.003
-0.0026
0.0127
-0.0051
0.0137
0.0062
-0.0054
-0.0017
-0.0009
-0.0073
-0.0096
-0.0078
0.004
-0.0001
-0.0042
0.0015
-0.0096
0.0058
0.0022
0.0016
0.0003
0.0021
-0.009
-0.0049
-0.0062
0.0076
0.0066
-0.0028
-0.005
-0.0024
0.0047
-0.004
-0.0031
-0.0052
-0.0034
0.014
-0.0032
-0.0002
0.0056
-0.001
-0.0051
-0.0007
-0.007
0.0055
-0.0095
0.0092
0.0018
0.0
-0.0092
0.0045
0.0091
0.0062
0.0007
-0.005
0.0052
0.0054
0.0058
-0.0049
-0.0007
-0.0019
-0.0036
-0.0029
-0.0039
0.0016
0.0022
-0.0033
0.0041
-0.0053
-0.0004
0.0016
0.0015
-0.0048
-0.0042
-0.0002
-0.0054
-0.0041
-0.0109
-0.0098
-0.0019
0.0075
-0.0039
0.0129
0.01
-0.0019
-0.0013
-0.0021
-0.002
-0.0033
0.0037
0.0061
0.0061
-0.0005
0.002
-0.0107
0.0022
-0.0091
0.0045
0.0095
-0.0139
0.005
-0.0083
-0.0019
-0.0053
-0.0026
-0.0045
-0.0003
0.0035
0.0019
-0.0022
0.0028
0.0078
0.003
-0.0101
-0.0009
-0.0013
0.0013
0.0045
-0.0078
0.0125
0.0102
-0.0026
0.0126
0.0013
-0.0108
0.0008
-0.012
-0.0068
-0.0084
0.0043
-0.0059
0.0128
-0.0066
-0.009
-0.0499
0.0042
-0.0061
0.0012
0.0001
0.0011
0.0073
-0.0043
0.0076
0.0
0.0043
0.0058
-0.0017
0.0094
