-9e-05
-9e-05
-1e-05
-0.00069
3e-05
0.0
0.0
2e-05
0.0
-0.0002
-9e-05
0.00021
-0.00022
0.0
2e-05
-0.00012
-1e-05
3e-05
-0.00021
-2e-05
-1e-05
1e-05
-0.00019
5e-05
2e-05
5e-05
-3e-05
-0.00011
0.00017
0.00071
-0.00043
2e-05
-0.00046
-0.00028
0.0
0.00013
-1e-05
0.00023
0.00017
-3e-05
1e-05
2e-05
-2e-05
0.0
0.0
-3e-05
2e-05
1e-05
-0.00012
0.0
-1e-05
4e-05
2e-05
-0.00038
-1e-05
-7e-05
-5e-05
3e-05
0.00013
-2e-05
9e-05
0.00013
-0.00018
-0.00021
-1e-05
-3e-05
0.00032
-5e-05
0.0006
1e-05
-2e-05
-1e-05
-5e-05
5e-05
-0.00012
0.00027
-2e-05
1e-05
1e-05
-3e-05
9e-05
3e-05
9e-05
-2e-05
-6e-05
-5e-05
-0.00025
-0.00039
-0.00013
0.00032
0.00027
-1e-05
-7e-05
2e-05
2e-05
3e-05
1e-05
-3e-05
-0.00027
0.00012
-0.0003
2e-05
-7e-05
0.00032
0.0
-0.00021
0.0
-4e-05
1e-05
0.00054
-1e-05
-0.0001
0.00031
-1e-05
3e-05
-3e-05
3e-05
0.00031
-0.00031
2e-05
-3e-05
0.0
0.00013
0.0001
0.00015
0.0
-8e-05
-0.00031
-2e-05
-0.00027
1e-05
4e-05
-1e-05
0.0
-2e-05
-0.00021
-1e-05
6e-05
3e-05
4e-05
-0.00021
4e-05
-9e-05
-2e-05
-2e-05
0.0001
-1e-05
0.00013
0.0
-0.0006
0.00032
0.00016
1e-05
1e-05
-2e-05
-1e-05
-4e-05
-0.00015
-5e-05
-9e-05
-6e-05
-3e-05
0.00013
9e-05
-4e-05
-0.00021
-0.00011
-0.00018
-3e-05
-1e-05
4e-05
6e-05
-0.00023
0.0003
-2e-05
3e-05
-0.00012
0.0
6e-05
0.0004
-0.00012
2e-05
0.00014
0.0
-0.00031
-1e-05
-5e-05
2e-05
3e-05
-0.00017
0.00011
0.00023
0.00018
2e-05
-1e-05
6e-05
-0.00034
-0.00031
0.00033
-6e-05
