0.0
0.00078
-0.00024
0.00079
-0.00071
0.00041
-0.00015
0.00217
-0.00154
-0.00014
-0.00057
-0.00022
-0.0014
-0.00128
0.00014
0.00044
6e-05
-0.00276
0.00055
-1e-05
0.00016
-9e-05
0.00014
0.00051
-1e-05
0.00137
-0.00037
2e-05
0.0
0.0018
0.0
-0.00015
0.00016
0.00026
0.00017
0.00063
-9e-05
4e-05
-7e-05
-0.00104
-0.0001
-0.00221
0.00059
0.00019
0.00046
-0.00066
-7e-05
0.00095
5e-05
-0.00029
-0.00069
0.00017
-0.00106
-0.00038
-0.00039
0.00017
0.00012
-6e-05
-5e-05
-0.00077
0.00019
-0.00024
-1e-05
-0.00049
-0.00028
-0.00041
-0.00128
-0.00036
0.00096
-0.00033
0.0005
0.00124
-0.0004
-0.00037
0.00015
1e-05
0.00117
0.00053
-5e-05
-0.00017
-3e-05
-0.0007
1e-05
0.0
-0.00056
0.00085
0.00078
-0.00151
-0.00023
8e-05
-0.00022
-0.00058
-0.0002
8e-05
0.00022
-3e-05
-0.00079
-6e-05
-0.00043
0.00117
-0.00012
-0.00087
-0.00133
-6e-05
0.00107
0.00092
0.0025
-0.00041
-0.00132
-0.00098
-8e-05
-0.00011
-0.00063
-0.00013
0.00023
0.00035
-0.00097
0.00035
0.0022
0.0
-0.00032
-7e-05
0.00031
0.00023
-0.0006
0.00089
0.00018
-0.0006
-3e-05
-0.00148
0.00048
8e-05
2e-05
-4e-05
7e-05
-0.0008
-0.00086
0.00031
-0.0003
0.0
-0.00096
1e-05
-0.00011
0.00013
0.00028
0.00038
1e-05
4e-05
-0.0014
-9e-05
-0.00026
0.00032
0.00035
-0.00031
-3e-05
-0.00041
0.00026
-0.00023
-0.00031
-0.00016
0.00031
-0.00119
-0.00056
1e-05
0.00019
-0.00033
-0.00028
-4e-05
-0.00013
-5e-05
-0.00028
0.00168
0.00017
-0.00011
0.00017
0.00049
-0.00083
-0.00011
0.0008
0.0
-0.00076
0.00044
0.0005
0.0001
-0.00039
0.00098
-0.00013
0.00025
0.0003
-0.00015
-0.00014
-2e-05
0.00085
-0.00125
0.00041
0.0001
-0.00089
0.00015
1e-05
-0.00066
0.00116
-0.00426
-0.00027
9e-05
-0.00016
-0.00131
0.00032
-0.00117
0.00047
0.0011
-0.0001
-1e-05
7e-05
-0.00021
-0.00056
-0.00065
0.00014
-0.00024
-0.00013
-0.00039
0.00041
0.00215
0.00194
-0.0004
-0.00063
0.00024
1e-05
0.00019
-0.00082
-0.0007
-0.00043
-0.00023
0.00041
0.0005
0.0
2e-05
-0.00087
-0.00021
-0.00041
-0.00045
0.00034
0.00093
0.00073
4e-05
-0.00164
0.0013
0.00035
0.00017
-0.00013
-8e-05
0.00027
-0.00179
-0.00059
0.0004
-0.00028
-2e-05
8e-05
4e-05
4e-05
-0.00118
-0.00027
-7e-05
0.00187
-4e-05
0.00023
0.00032
0.00027
0.0003
0.00029
0.00045
6e-05
-0.00409
-0.00013
0.00107
-0.00136
-4e-05
-0.00016
-1e-05
-0.00012
0.00013
-0.00117
-4e-05
0.00028
9e-05
0.00048
-0.00048
3e-05
0.00087
0.00075
0.00085
-7e-05
-0.00012
0.0013
0.0
0.00121
-0.00198
-0.00014
0.00039
1e-05
0.00022
-0.00029
0.00051
-0.00045
-0.00203
-0.00053
-0.00029
0.00055
0.00018
-0.00072
-8e-05
-3e-05
-2e-05
0.00011
0.00046
0.00013
-0.00011
0.00019
0.00014
-0.00068
-0.0006
0.00015
-0.00022
0.00016
4e-05
5e-05
-0.00023
-2e-05
-1e-05
-0.00012
0.00044
-0.00051
-0.00018
-4e-05
-7e-05
7e-05
0.00032
7e-05
-0.00022
-0.00039
6e-05
-0.00239
0.00012
-0.00012
-0.00035
-0.00036
0.00063
0.00027
-0.00181
-0.0001
-0.00088
-0.00051
-0.0009
-0.00125
7e-05
-0.00027
8e-05
-0.00023
0.0003
0.00044
-2e-05
6e-05
-0.00014
0.00102
0.00034
0.00024
-0.00122
-0.00137
-6e-05
-0.00048
-0.00094
-0.00054
-0.00167
-0.00104
-0.00081
-0.0006
-0.00032
0.00059
7e-05
0.0007
0.0006
-0.00086
0.00013
0.0003
0.00091
0.0009
-7e-05
-0.00031
0.00013
-0.00044
-3e-05
-9e-05
-3e-05
-0.00085
-0.00081
0.00063
-0.00175
0.00053
-0.00081
3e-05
0.00034
-0.00041
0.0006
-4e-05
-3e-05
0.00158
-5e-05
2e-05
-0.00224
-1e-05
-0.00012
0.00012
8e-05
-0.00096
2e-05
0.0001
8e-05
7e-05
-0.00071
-0.00398
-0.00142
4e-05
3e-05
0.00026
0.00088
0.00045
0.00053
0.0
0.00014
0.00038
0.00115
-4e-05
0.00022
-0.00027
-8e-05
0.0001
0.00056
2e-05
0.00031
-0.00241
0.00015
0.00063
-0.00132
0.0006
0.00183
0.00026
0.00073
-0.00037
-0.00015
-0.00049
0.00041
-0.00053
-6e-05
0.00022
0.00087
0.00039
-4e-05
0.00031
6e-05
-7e-05
0.0016
-0.0009
0.00025
0.00028
-0.00013
0.00283
-1e-05
-0.00157
-0.0032
0.0005
-0.00172
0.00055
0.0009
-0.00025
-0.00035
0.00018
-0.00031
-0.00069
0.00126
-0.00017
2e-05
-0.00029
4e-05
0.00206
4e-05
-5e-05
0.00013
-0.00087
0.00096
-0.0001
0.00058
-0.00013
0.00082
-0.00025
-0.00052
-7e-05
0.0002
-1e-05
-0.00037
0.00038
0.0001
-0.00071
0.00026
2e-05
-0.00021
-0.00024
0.00289
-7e-05
-0.00022
0.00021
-0.00169
0.0
-0.0005
0.00014
-6e-05
-0.00063
0.00095
-0.00019
3e-05
0.00012
3e-05
-9e-05
-0.0002
-6e-05
0.00013
5e-05
0.00018
0.00044
0.00164
-0.0002
-0.00115
4e-05
0.00038
-0.00104
7e-05
0.00028
-0.00055
0.00155
0.0
3e-05
7e-05
-0.00039
-2e-05
0.0
-0.00025
0.00067
0.00046
-0.00179
-0.00261
-0.00175
0.00098
0.0
-0.00013
-4e-05
0.00034
0.00058
-2e-05
-0.00079
-0.00015
9e-05
-0.00013
0.00124
-0.00023
-3e-05
-4e-05
-0.00041
-0.0004
-0.00015
0.00023
0.00039
0.00145
0.00011
0.00051
-0.00088
-0.00112
0.00035
-0.00044
0.00134
0.00022
-1e-05
-9e-05
-0.00249
0.00043
-0.00065
0.00054
0.00102
-6e-05
-0.0011
0.00069
-3e-05
0.0002
-0.00032
0.00226
-4e-05
0.00111
-0.00027
-3e-05
0.00019
0.0002
0.00307
-0.00014
0.00027
5e-05
0.00024
0.00011
0.00024
0.00055
0.00013
0.00112
-0.00047
0.00057
-0.00013
-0.00082
0.00033
5e-05
-0.00022
0.0
-0.00164
0.00086
-4e-05
-0.00278
5e-05
5e-05
-5e-05
6e-05
-0.00022
0.00042
0.00016
0.00022
9e-05
0.00012
0.00032
-0.00027
0.00023
0.00101
-5e-05
0.00028
7e-05
-0.00023
-0.00024
7e-05
-0.00105
9e-05
-0.0005
-0.00085
0.0004
-0.00086
7e-05
-0.00012
0.0
0.00067
0.0008
0.00073
0.0
2e-05
-5e-05
4e-05
0.00021
-0.00138
-0.00245
-0.00038
0.0001
0.00072
-0.00104
0.00092
0.00021
0.00103
1e-05
-0.00011
0.00314
-0.00074
-0.00021
-0.00026
0.00014
-0.00021
0.00035
-0.00031
-0.00024
0.0009
0.00019
0.0
0.00118
-0.00026
0.00028
-7e-05
0.00097
-1e-05
-0.00011
-0.00049
-0.00017
-0.00088
0.0
-0.0009
-0.00042
-0.00015
5e-05
0.00038
0.0
0.00078
-0.00189
0.00095
-0.00095
-0.00046
0.00127
-5e-05
0.00019
-0.00011
-0.0002
-0.00035
-7e-05
0.00069
-9e-05
0.00029
-5e-05
0.00027
-0.00018
-0.00087
-0.00117
0.00013
2e-05
-0.0011
0.00057
-0.00059
0.00015
0.00032
-0.00032
0.00065
0.00021
3e-05
0.00057
-0.00014
0.00017
-0.00024
8e-05
0.00179
0.00014
0.00077
-0.00063
-0.00014
-8e-05
6e-05
0.00049
-0.00033
0.00035
0.00039
-7e-05
-0.00067
0.00089
2e-05
0.0016
0.00221
0.00048
0.00015
0.00084
0.0
2e-05
-0.0007
0.0
-0.00069
-0.0001
-8e-05
8e-05
-6e-05
0.00078
8e-05
0.00012
7e-05
0.00114
-0.00079
-0.00022
-0.00052
-0.00021
0.00016
0.00026
0.00014
0.00637
-0.00019
0.00016
8e-05
-0.00044
3e-05
-0.00025
-0.0014
0.00025
0.00048
-0.00189
0.00056
-8e-05
0.0009
-9e-05
-0.00119
0.0005
0.00205
0.00037
-0.00069
0.00035
0.00022
-2e-05
-0.00038
-0.00015
0.00072
3e-05
-0.00193
0.00066
-0.00018
0.00053
0.00072
-0.00015
0.00124
-0.00186
0.00062
0.0
-0.00035
0.0011
0.00016
-0.00015
0.00021
-0.00091
0.00039
-0.00112
0.00081
0.00147
-0.00094
-0.00099
0.00072
0.0002
0.00056
-0.00033
0.00074
-1e-05
0.00048
-0.00013
-0.00126
0.0007
-0.00043
0.00282
-0.00038
0.0
-0.00013
0.00029
0.0
-0.0009
0.00047
5e-05
5e-05
0.00013
-0.00136
0.00161
-0.00015
0.00029
-0.00051
-0.00046
0.00076
-0.00196
-0.00085
-0.00041
0.00015
0.00103
-0.00051
0.00017
0.0
0.00444
-2e-05
0.00084
-6e-05
0.00018
0.00032
-0.00016
1e-05
-0.00021
-0.00276
-7e-05
0.00084
-0.00018
0.00011
-0.00015
-1e-05
-2e-05
4e-05
0.00054
0.00059
3e-05
-0.00021
-0.00036
-3e-05
-0.00031
0.00019
1e-05
0.00095
0.00115
0.00042
-3e-05
-1e-05
0.0
-3e-05
0.00071
-0.00097
-0.00017
-0.00079
0.00161
0.00047
-0.0005
6e-05
-2e-05
0.00131
-4e-05
-0.00146
-0.00037
-8e-05
0.00029
0.00012
1e-05
0.00012
-0.00013
-0.0004
-1e-05
0.00033
7e-05
-0.00015
0.00018
6e-05
1e-05
0.00116
-1e-05
-0.00019
-0.00012
-4e-05
0.00044
7e-05
-0.00017
-0.00129
0.00477
0.00079
0.00019
-0.00219
6e-05
0.0002
0.0006
0.00016
0.00011
0.0001
0.00077
-0.00032
0.00018
2e-05
-0.00071
5e-05
-0.00071
0.00059
0.00107
0.00138
1e-05
0.0002
0.00013
0.001
0.00114
0.00024
0.00026
-0.00082
0.00027
0.00142
0.00156
-2e-05
-0.00043
0.0
0.00072
-6e-05
0.00015
-0.0015
-0.00012
0.00103
0.00146
-0.00021
0.00042
-0.00145
-0.00054
-0.0004
0.00013
0.00022
0.0011
-0.00074
0.00034
-1e-05
6e-05
-3e-05
2e-05
0.00026
-0.00025
-0.00027
-0.00075
0.00044
-0.00012
-0.00015
-0.00217
0.00081
-0.00021
-5e-05
0.00014
0.00076
-0.0003
-0.00023
