0.00034
-6e-05
-0.0001
7e-05
-0.00023
1e-05
2e-05
0.00012
1e-05
-2e-05
-0.00014
0.00024
-1e-05
-1e-05
-2e-05
6e-05
-0.00034
0.00044
2e-05
-1e-05
5e-05
6e-05
0.0
-0.00035
0.0
8e-05
-0.00015
6e-05
5e-05
-0.00012
0.00014
1e-05
-9e-05
0.0002
5e-05
1e-05
6e-05
0.00012
-0.00068
3e-05
4e-05
-0.00011
-0.00046
-1e-05
1e-05
-4e-05
-0.00024
-8e-05
-0.0001
0.0
5e-05
-0.00016
-2e-05
-9e-05
0.00013
6e-05
0.0
-1e-05
0.0
-3e-05
-0.0002
0.0
0.0
0.0
-6e-05
0.00015
-3e-05
-3e-05
0.0
3e-05
0.00014
0.00012
-0.00029
-0.00011
0.0
-1e-05
-1e-05
-1e-05
0.00045
-0.00016
5e-05
0.0
0.00011
9e-05
-0.00016
-2e-05
2e-05
5e-05
0.0001
4e-05
0.0
6e-05
-0.00013
-2e-05
0.0
-3e-05
1e-05
0.00014
-9e-05
6e-05
0.00011
0.00026
0.0
-0.00012
2e-05
-0.00017
0.0
-8e-05
0.00019
1e-05
0.00013
1e-05
0.0
-6e-05
-1e-05
2e-05
0.0
-1e-05
0.00012
-6e-05
4e-05
0.0002
-5e-05
-1e-05
5e-05
1e-05
0.0
-0.00017
-0.00017
-8e-05
2e-05
5e-05
-0.00013
0.0
-9e-05
-1e-05
-4e-05
1e-05
2e-05
0.00021
1e-05
-0.00015
0.00029
-9e-05
3e-05
0.00015
-1e-05
-0.00011
0.0003
-0.00031
-4e-05
0.0001
0.0
3e-05
-6e-05
2e-05
-0.00015
-5e-05
0.00015
0.00014
3e-05
6e-05
2e-05
-3e-05
-0.00036
2e-05
0.00029
-8e-05
-6e-05
4e-05
-1e-05
5e-05
7e-05
-1e-05
0.00011
-2e-05
0.0
0.0
1e-05
2e-05
0.0002
-3e-05
2e-05
-7e-05
-1e-05
-8e-05
2e-05
-3e-05
0.00014
-0.00022
0.00049
-8e-05
1e-05
-2e-05
-0.00018
-0.00014
0.0
-0.00011
-9e-05
0.0
