0.0032
0.0012
-0.0156
-0.0006
0.0024
0.0066
0.0008
0.0064
0.003
0.0014
-0.0048
0.0054
0.0088
-0.0064
-0.0004
-0.0056
0.0006
-0.0068
0.0002
0.0014
-0.0074
0.0054
-0.0002
0.0076
-0.0078
-0.0092
-0.0042
0.0012
-0.0054
-0.0038
0.0114
-0.0026
-0.0118
0.0114
0.0054
0.0042
-0.002
-0.0014
0.0038
0.0
-0.0044
-0.0042
0.0
-0.0006
-0.003
-0.0052
0.0078
0.0044
0.0006
0.0024
-0.0046
0.0146
0.0062
-0.0102
0.006
-0.0046
-0.0098
0.0154
-0.0078
-0.0098
0.0102
0.0006
-0.0084
-0.0106
0.0042
0.0048
-0.0066
-0.0048
0.0116
-0.003
0.0026
-0.0008
-0.01
0.0006
-0.0114
0.0092
0.009
0.004
0.0
-0.0028
-0.0076
-0.0046
0.0076
0.0026
0.0012
-0.0168
0.0124
0.004
0.0054
-0.0074
0.0096
0.0016
-0.0042
0.0
-0.0044
-0.002
0.0074
0.0078
-0.0054
-0.0032
-0.0034
0.0038
-0.0098
-0.017
-0.007
-0.0112
-0.0018
-0.0018
0.0184
0.0
0.0032
-0.0016
0.0054
0.0018
-0.0042
-0.0132
-0.0022
0.006
0.0124
-0.0016
0.0004
-0.0148
0.0132
0.0092
-0.0018
-0.0016
0.0064
-0.0124
0.0006
0.0106
0.0114
0.0002
-0.002
0.0084
0.0082
-0.0116
0.0042
0.0094
-0.0016
-0.0068
-0.007
0.0068
0.006
0.0028
0.0034
0.0124
-0.0002
0.0074
0.0042
-0.0016
0.002
-0.0004
0.0114
0.0008
-0.0074
-0.0072
-0.0014
0.0054
-0.0056
-0.0154
0.0032
0.0016
0.007
0.0014
0.0022
-0.003
-0.007
0.0014
-0.009
0.0024
-0.002
0.011
-0.0008
0.0036
-0.0148
-0.0062
0.0054
-0.0056
0.0028
-0.001
0.006
0.0076
-0.0016
-0.0056
-0.003
0.0024
-0.0024
0.0044
-0.0044
0.0012
0.0104
-0.0002
0.0068
0.0108
-0.0052
-0.005
0.0034
-0.0026
0.0042
0.0074
-0.004
-0.0048
-0.0068
0.0
-0.0008
0.0012
-0.0092
-0.0022
-0.0044
-0.014
-0.0022
-0.0018
0.0028
0.0094
0.0012
-0.0054
0.0072
-0.0046
-0.005
-0.0116
-0.0098
-0.0152
-0.005
0.0024
0.009
0.0004
0.0054
-0.0068
-0.0034
-0.0018
0.003
-0.0048
-0.0106
-0.0016
-0.0082
-0.0132
0.0032
-0.006
0.0094
0.0018
0.0074
-0.0078
-0.0066
0.0022
-0.005
0.001
-0.0056
0.0026
-0.0044
-0.0004
-0.0014
-0.0002
0.0014
-0.0024
0.0026
-0.0036
0.0086
0.0018
-0.0024
0.0062
-0.0022
-0.0034
0.0034
0.0036
0.0032
-0.0026
-0.012
-0.0132
0.003
-0.0002
-0.0068
0.0014
-0.0094
0.0028
-0.0028
-0.002
-0.006
-0.0056
-0.0002
0.0082
-0.015
0.002
-0.0076
0.0096
-0.0098
0.0008
0.0024
0.0024
-0.0002
0.0096
0.005
-0.0006
-0.0052
0.0058
-0.0104
0.018
0.001
-0.008
0.0096
-0.0064
-0.002
0.015
0.0
0.0138
0.0048
-0.0062
0.012
-0.0088
0.0026
0.0084
-0.0048
-0.0058
0.0066
-0.01
0.0144
0.0126
0.0044
-0.003
-0.0082
0.0156
-0.0004
0.0118
-0.0024
-0.005
0.0028
0.0058
0.0006
-0.0052
-0.0078
0.002
0.0124
-0.0038
-0.0072
0.0114
0.0068
0.0016
0.0112
0.0082
-0.0038
0.0088
0.0086
-0.0062
0.0038
-0.0012
-0.0024
-0.0006
0.0026
-0.0014
0.0046
0.002
0.0018
-0.0082
0.0002
-0.0096
-0.0018
-0.0038
0.0102
0.003
0.0008
-0.0102
0.0018
0.0096
0.0092
0.0016
0.0052
-0.0024
0.0196
-0.0064
0.004
-0.0002
-0.003
-0.0002
0.0026
-0.0052
0.0042
0.0036
-0.0046
0.001
0.0072
-0.0008
-0.004
0.0046
0.0088
0.0112
-0.0012
-0.0114
-0.002
0.0228
0.007
0.0002
0.0014
-0.0036
-0.005
-0.0048
0.0
-0.0036
0.0016
0.0056
-0.0074
-0.0036
0.0018
0.0024
0.0114
-0.0004
0.0034
0.0036
0.006
-0.0006
0.0138
0.0006
0.0016
-0.0084
-0.0068
-0.0002
0.0028
-0.0044
0.0048
0.0042
-0.0038
-0.0056
0.0006
-0.0068
-0.0022
0.0028
-0.0032
-0.0162
0.0052
-0.002
0.0056
0.0068
-0.009
-0.0056
-0.006
0.0064
-0.0054
-0.0126
-0.0018
-0.0078
0.0024
-0.0078
0.0042
0.0006
-0.0086
0.0134
0.005
0.0086
0.0042
0.002
-0.0096
0.0044
-0.0036
0.0006
-0.005
-0.0094
0.0014
-0.0038
-0.0092
-0.0122
0.0006
0.0012
-0.007
-0.0068
0.0098
-0.0064
-0.0008
0.0064
0.0142
-0.0066
-0.0042
0.0042
0.0126
-0.0016
0.0018
0.0014
0.0002
-0.0044
-0.0102
0.0086
-0.0006
-0.0092
-0.0056
-0.0018
0.0112
0.005
-0.0104
-0.0014
-0.0024
-0.0044
-0.0062
-0.0044
0.0068
0.006
-0.0042
-0.0038
0.0038
-0.001
-0.0012
0.0112
0.003
-0.001
0.0028
-0.0146
0.0058
-0.0044
-0.0046
-0.003
-0.0024
0.0084
0.006
-0.0218
0.0036
-0.0008
0.0066
-0.0042
-0.0022
0.0026
0.002
-0.0078
0.004
-0.011
0.0038
0.0
-0.0072
-0.0052
-0.004
0.0008
-0.0102
0.0048
0.0026
-0.001
-0.0024
0.0098
0.0108
0.0014
-0.004
0.003
-0.0094
0.0018
0.0008
-0.0054
-0.001
-0.007
-0.0006
0.0078
0.0076
-0.0058
-0.0014
0.0036
-0.0066
0.0014
-0.0062
0.0054
0.0048
-0.0052
-0.0006
0.006
0.0124
0.0056
0.001
-0.0036
0.0014
0.0104
-0.0022
0.0028
-0.0056
0.0004
0.0028
0.0034
-0.0014
0.0076
0.0084
0.0038
-0.0008
0.0106
0.0012
-0.0044
0.0084
0.0098
0.0054
-0.005
0.0022
-0.0004
-0.0032
0.0092
0.0056
0.0088
-0.0026
-0.003
-0.0098
0.0042
-0.008
-0.0036
-0.0058
-0.0098
-0.0106
-0.0066
0.0008
-0.0016
-0.0106
-0.0054
-0.0066
0.0154
0.001
-0.0122
-0.0048
-0.0032
0.0106
0.0006
0.0116
-0.0036
-0.0008
-0.0094
0.0038
-0.0158
0.0054
0.0002
-0.0052
0.0046
-0.0074
-0.0038
-0.0042
-0.0098
0.0044
0.0004
0.012
-0.0056
0.0026
-0.002
-0.0032
-0.0014
0.0
-0.0106
-0.0044
-0.0042
-0.0082
-0.0204
-0.006
0.0046
0.0002
0.0082
-0.0108
-0.0048
0.0034
0.0058
-0.009
-0.003
0.0014
-0.0084
-0.005
-0.0048
0.0016
0.0108
-0.0086
-0.0122
-0.0042
0.003
0.0008
0.0054
-0.008
0.001
-0.0038
0.0012
0.0016
0.0054
0.0036
0.0006
-0.001
-0.0026
-0.0014
-0.0022
0.0074
0.0012
0.0068
0.0092
-0.0202
0.0036
0.0016
-0.0006
-0.0004
-0.0036
0.0086
0.008
0.0
-0.0008
-0.0064
-0.0068
0.0004
-0.0146
-0.0014
-0.0066
0.0006
0.004
0.0084
-0.001
0.0104
0.001
-0.0058
-0.0116
-0.0088
0.0028
-0.0056
0.0044
-0.0052
-0.0124
0.0028
-0.0008
0.0046
-0.0072
-0.001
-0.0106
0.007
-0.0064
-0.0014
-0.0134
0.0014
-0.0068
0.0098
0.0004
-0.0028
0.0012
0.0074
-0.0092
0.0062
-0.014
-0.0026
0.0112
0.0046
-0.009
-0.0042
-0.0006
0.0028
-0.001
0.0028
-0.004
-0.009
-0.0082
-0.0146
0.011
-0.0028
0.0064
0.0026
0.0028
-0.001
-0.003
-0.0048
-0.0066
-0.0034
0.0022
0.0114
0.0078
-0.0062
-0.0094
-0.003
-0.0136
-0.0038
0.0026
-0.0036
-0.0074
0.0062
-0.0026
0.0026
-0.0062
0.006
-0.0066
-0.0126
0.007
0.0254
-0.011
-0.0052
0.0094
-0.0032
-0.0096
-0.0004
0.0076
0.0086
-0.0116
-0.0016
0.0008
0.0088
0.002
-0.0024
-0.0054
0.0062
-0.0052
-0.0014
0.0054
0.0006
-0.0022
0.0028
-0.0068
0.0036
-0.0018
-0.001
-0.0048
-0.005
-0.0024
-0.0054
-0.0052
-0.0006
0.0072
-0.0084
-0.001
-0.013
-0.0018
-0.0042
-0.0024
0.0054
-0.0012
0.0106
-0.0082
-0.0046
-0.0066
-0.0116
0.0004
0.0064
0.0086
0.0036
0.008
0.0128
-0.0064
0.0024
-0.001
-0.0006
0.0038
0.0
-0.0064
0.0042
-0.0124
-0.0058
-0.0012
-0.0002
-0.007
0.005
0.0038
-0.006
-0.0034
0.008
-0.0026
-0.0004
-0.006
-0.0124
-0.0096
0.0122
0.0052
-0.0018
0.0084
-0.0016
-0.0036
0.0066
0.0096
0.0032
0.0054
-0.0136
0.0012
-0.0028
0.0006
0.001
-0.0098
0.0052
0.0072
0.0008
-0.005
-0.004
-0.0092
0.004
-0.007
0.003
0.0062
-0.002
0.0022
-0.0096
-0.0078
-0.0016
0.0028
0.0008
-0.0026
-0.003
-0.0078
-0.0002
0.004
-0.004
0.0112
0.005
-0.005
-0.002
0.0044
0.0076
-0.0028
0.003
0.001
-0.0006
0.0044
-0.0058
0.0038
-0.0058
0.0038
0.001
-0.0074
0.006
0.0054
-0.008
0.0026
-0.01
-0.0148
-0.0098
0.0034
-0.0026
0.003
-0.0046
-0.0012
0.0046
-0.0254
-0.0026
0.0012
-0.0078
-0.0044
-0.0234
-0.0064
0.017
-0.0028
0.0056
-0.0056
-0.0104
-0.0026
0.0086
0.013
-0.0088
-0.0028
-0.004
-0.0028
0.0042
-0.003
-0.0016
0.004
0.0004
0.0084
0.001
0.0032
-0.0018
-0.004
0.0082
0.0014
-0.0012
-0.0058
-0.0026
0.0098
-0.0008
-0.0026
0.0028
-0.0004
-0.0106
-0.0046
-0.001
0.0138
0.0046
0.0018
0.0004
0.0058
0.0084
0.0024
-0.005
0.0026
-0.0062
0.0
0.0042
-0.0034
-0.0018
0.0084
-0.0028
0.0014
-0.0024
0.0054
0.004
-0.0036
-0.014
0.0006
0.0022
0.0078
0.0044
0.0022
0.0102
0.0048
-0.0092
-0.0008
0.0048
0.0008
-0.0076
0.0042
0.002
-0.001
-0.0144
0.0072
-0.0106
-0.002
0.0036
0.0036
0.0066
-0.003
-0.0008
0.0048
