7e-05
5e-05
-9e-05
6e-05
0.00032
0.0
-6e-05
-0.00175
2e-05
-0.00107
1e-05
-0.00036
0.00152
-0.00176
2e-05
0.00041
-0.00175
1e-05
0.00112
-0.00038
9e-05
7e-05
9e-05
0.00059
-1e-05
0.00022
0.00015
-5e-05
-0.00027
-0.00015
4e-05
-0.00108
0.00046
1e-05
0.00028
-0.00031
0.0
-0.00104
8e-05
-4e-05
-6e-05
-0.00019
-0.00024
-0.0017
0.0
-3e-05
-0.00012
-1e-05
0.00053
-0.00019
5e-05
0.00044
-0.00023
-0.0005
-3e-05
-0.00114
-1e-05
0.00065
0.00064
3e-05
0.00029
-1e-05
-6e-05
0.0
-0.0007
-6e-05
0.00054
0.00244
-9e-05
-0.00013
0.00102
-5e-05
-0.0003
-4e-05
-0.00023
7e-05
-1e-05
0.00052
2e-05
-0.00063
0.00063
0.00259
-6e-05
5e-05
0.00011
-0.00066
-0.00025
0.0004
0.00064
0.00409
0.0
4e-05
-6e-05
-0.00061
0.00019
2e-05
-3e-05
-1e-05
0.00016
-4e-05
6e-05
-8e-05
0.00217
-0.00022
0.00012
0.0
-3e-05
0.0003
0.00061
-0.00026
-0.00128
0.00106
-4e-05
-0.00034
-6e-05
-0.00032
-3e-05
0.00013
7e-05
0.0006
-3e-05
0.00011
0.00038
0.0
0.00013
-0.00011
0.00051
4e-05
-0.00067
0.00036
-0.00055
-0.00034
-9e-05
-0.00083
0.00028
-0.0007
-3e-05
-2e-05
-1e-05
0.00028
0.00016
0.00084
4e-05
0.0006
0.00026
-1e-05
0.00021
0.00016
-0.00074
0.00053
-2e-05
0.00078
-0.00016
-0.00024
0.00022
-2e-05
-0.00028
3e-05
-7e-05
0.00046
0.00076
1e-05
-0.00184
-0.0002
0.00092
-0.00045
-0.00086
3e-05
0.00156
1e-05
4e-05
-0.00104
-0.00015
-0.0005
0.00038
0.00047
-4e-05
-0.00024
-0.00187
-5e-05
3e-05
6e-05
0.00064
2e-05
-0.00031
0.00011
0.00015
-0.00027
-0.0001
0.00252
0.0004
6e-05
-0.00022
-3e-05
-0.00032
-0.00052
7e-05
5e-05
0.00017
0.00073
