-0.00132
0.00102
-0.00016
0.00018
0.00104
0.00018
-0.0051
-5e-05
-0.00016
-0.00199
-0.00189
-0.00071
0.00249
0.00054
0.00048
-0.00011
0.00101
0.0012
-0.00019
0.00068
0.00137
-0.00026
-0.00021
-9e-05
0.00027
-0.00201
-0.00101
-0.00035
-8e-05
-0.0007
-0.00015
0.00041
-0.00224
0.00146
-0.00011
0.00055
0.00235
-5e-05
-0.00081
-0.00081
0.00128
-0.0006
0.00104
-0.00021
-0.00022
-0.00034
-0.00029
-0.00028
-0.00043
-0.0005
0.00052
-4e-05
6e-05
-0.00226
0.00158
0.00027
0.00603
0.00021
-0.00051
-0.00017
-6e-05
0.00026
-0.00046
0.0001
0.00024
-8e-05
-0.00043
0.00207
0.00026
0.00038
-0.00036
-0.00018
0.0003
0.00117
0.0001
-0.00536
0.00042
-0.00034
-0.00022
-0.00036
-0.00055
-0.00014
0.00054
0.0003
4e-05
-0.00024
0.00152
0.00016
-0.00019
0.00058
-3e-05
0.0002
0.00023
0.00015
-5e-05
-0.00147
0.00045
-0.00181
0.00117
0.00046
0.00023
0.00163
-9e-05
0.00094
0.00173
0.00188
-0.00037
-8e-05
0.00021
-0.00087
0.0035
0.0005
0.00279
0.0023
-0.00041
-0.00058
0.00016
-0.00086
0.00046
-0.00038
3e-05
7e-05
0.00688
-0.00165
-2e-05
-1e-05
-0.00058
-8e-05
0.00043
0.0004
0.00067
0.00082
0.00067
2e-05
-0.00176
-0.00104
0.00064
0.00057
-0.0027
-0.00217
-0.00025
-0.00012
4e-05
1e-05
0.0011
-0.00014
-0.0005
0.00047
-0.00065
-0.00126
-0.0003
0.00208
-0.00014
8e-05
0.00138
0.00059
-0.00047
0.00106
-0.00013
0.00032
-0.00342
0.00063
-0.00016
-0.00033
0.00136
0.00039
-4e-05
-0.00132
0.00042
-0.0001
-0.00012
-0.00026
-0.0011
0.00017
0.00613
0.00228
-0.0019
-0.00553
0.00012
0.00026
-0.00034
0.00101
-0.00067
0.00011
-0.00062
-0.00328
-0.00021
-0.00126
0.00137
0.00162
0.00469
0.00015
-0.00237
0.00168
-0.00119
0.00024
-0.00026
-0.00043
0.00014
-0.00077
