-0.0294
-0.0004
-0.002
0.002
-0.0042
-0.0046
-0.0012
0.0002
0.0486
0.0054
0.0
-0.0006
-0.0366
0.0114
-0.0144
-0.0206
-0.0026
0.0134
0.0142
0.0046
-0.0002
0.0396
-0.0008
0.035
0.0006
0.0024
-0.0072
-0.062
0.0256
0.0022
0.0022
-0.0014
0.0044
0.0094
0.0
-0.004
0.0242
0.0068
0.0206
-0.0036
0.0206
0.0022
0.005
0.0074
0.0238
0.0
-0.0546
-0.0012
0.0002
0.0008
-0.0026
0.0022
0.0008
0.0002
-0.0928
-0.0528
0.0032
-0.0176
-0.0112
-0.0086
-0.003
0.0056
0.0026
0.0128
-0.0126
0.0068
0.0056
0.006
-0.0012
-0.0014
-0.0002
-0.011
-0.0192
0.0044
-0.0118
-0.0094
0.0038
-0.0444
0.0468
0.0436
0.0196
0.0002
-0.0086
0.0186
-0.0002
0.0078
0.0008
-0.0014
0.0024
0.0142
-0.0012
-0.0098
0.0022
-0.0068
0.0144
0.001
0.0008
0.0006
0.0006
0.0008
0.0118
0.0246
0.0006
-0.0018
-0.0516
0.0078
-0.0012
0.0002
-0.0002
0.0278
-0.0182
0.0026
0.0028
-0.0022
-0.0004
0.019
0.0238
-0.0024
0.0026
0.0022
-0.001
0.0012
-0.011
-0.0014
0.0292
0.0038
0.0154
0.0354
0.0076
0.001
0.003
0.0136
-0.0172
0.0004
0.0076
0.0066
0.006
0.0152
-0.0006
-0.0128
-0.0142
-0.0098
0.0154
-0.0082
0.021
-0.0224
-0.0076
0.0018
-0.0314
-0.003
-0.0004
0.0076
-0.0058
-0.0214
-0.0324
0.0012
0.0034
0.016
-0.002
0.0012
0.001
-0.002
0.0004
-0.0128
0.0026
-0.015
0.0
-0.004
0.0062
-0.0094
0.0018
0.0088
0.0014
-0.0006
-0.0068
-0.007
-0.0026
0.0026
0.0232
0.0128
0.0032
-0.009
0.0092
-0.0002
-0.0408
0.0112
-0.0104
0.004
-0.0082
-0.022
-0.0056
-0.0016
0.002
-0.0036
-0.0028
-0.0002
0.0088
0.0024
0.0
0.0044
0.0134
0.0362
0.006
0.0154
0.0004
0.0286
0.0018
0.0028
-0.0054
0.0176
0.0224
0.005
0.0404
-0.003
-0.0004
-0.0056
0.0026
-0.0148
-0.0148
0.005
-0.0232
0.002
-0.0182
0.0012
0.0078
-0.0008
0.0012
0.0346
0.024
-0.0012
-0.0052
0.0
-0.016
0.0036
-0.0062
0.0032
-0.0012
0.0036
0.0154
0.009
0.0002
0.002
-0.0008
0.0018
-0.0018
-0.015
0.0012
-0.0046
0.0092
-0.0014
0.008
0.009
0.0014
-0.001
0.0098
-0.0096
-0.0104
0.0
-0.0052
0.0004
0.013
-0.0162
-0.0006
-0.0106
-0.0088
0.004
0.0014
-0.0206
-0.007
-0.0082
-0.0082
0.0
-0.0066
-0.0102
0.0104
-0.0222
-0.0552
-0.0078
0.0034
0.007
-0.006
-0.0012
-0.0008
0.0068
-0.0024
0.0084
0.0138
-0.0046
-0.0008
-0.02
0.0058
0.0032
-0.002
0.0282
0.0012
0.001
-0.009
-0.011
-0.0044
-0.0154
0.0134
-0.0512
0.0026
-0.0142
-0.0014
0.0046
-0.0036
-0.0078
-0.0216
0.0166
-0.0014
0.009
-0.003
-0.003
0.0004
-0.0214
0.0006
0.0756
-0.003
0.0012
-0.011
-0.0006
-0.0198
0.0098
-0.0118
0.0136
-0.0032
0.0024
-0.001
0.0146
-0.005
-0.0016
0.0082
-0.0186
-0.0038
0.0092
0.014
-0.0378
0.0184
-0.0086
-0.0328
0.006
-0.0122
0.067
-0.0126
0.0004
-0.0114
0.0008
-0.0008
0.0
-0.0262
-0.0048
0.029
0.004
-0.0366
-0.0004
-0.003
-0.011
0.0322
-0.016
0.0282
-0.0034
0.005
-0.019
0.0118
0.0146
0.0064
-0.0014
0.0136
0.0286
0.017
-0.0822
-0.0074
-0.0116
-0.0008
-0.0002
0.002
0.051
-0.006
0.0062
0.0066
0.042
-0.0038
0.0202
0.0038
0.004
0.006
0.0036
-0.0066
-0.0062
-0.0012
0.0122
0.0266
0.0008
0.0298
0.003
-0.0056
-0.006
0.0002
0.0238
-0.0008
-0.0368
0.0006
0.0148
-0.0026
-0.011
0.0044
0.0016
-0.0132
-0.004
0.0092
-0.016
0.0104
0.0
0.0092
0.019
-0.005
0.001
0.004
0.002
0.007
0.0118
0.0018
-0.054
0.0038
0.0066
-0.0122
-0.0096
-0.0024
-0.0152
0.0072
0.0164
0.0006
-0.0012
0.0008
0.0014
0.0056
-0.0104
-0.0064
-0.0064
-0.021
-0.0362
-0.002
-0.0144
-0.006
-0.0024
-0.0046
-0.0072
-0.0578
-0.0018
-0.0106
-0.0016
0.0036
-0.0002
0.0036
-0.0062
-0.0034
-0.0044
-0.0036
0.0016
-0.0028
0.0226
-0.0052
-0.0164
-0.0198
-0.0028
0.0102
0.0046
-0.0276
0.011
0.0342
0.0224
0.0052
0.0024
-0.0056
-0.0394
0.0052
-0.004
-0.0082
-0.0126
-0.0006
-0.0238
-0.0146
0.017
0.0146
0.0008
-0.0016
0.0286
-0.0064
0.002
0.0004
0.0132
0.0046
-0.0106
-0.0022
0.006
0.0142
0.0012
-0.0164
0.0046
0.0028
-0.002
0.0172
-0.0108
0.0042
0.0004
-0.0018
0.0006
0.001
-0.0042
-0.0138
-0.0312
-0.008
0.0134
-0.0066
0.0118
0.001
-0.001
0.0072
0.0076
-0.0056
-0.0026
0.0752
0.0056
0.033
0.0034
0.0038
-0.0018
-0.0024
-0.0012
-0.024
-0.0012
0.0144
0.0382
0.0136
0.0062
0.0088
0.0012
-0.0146
0.012
0.0096
-0.001
-0.001
0.0436
0.0114
0.021
0.0138
-0.0144
-0.011
0.0082
-0.0002
-0.0024
-0.0042
0.0116
-0.0002
0.0014
0.0926
-0.0014
-0.0012
-0.0022
-0.0038
-0.011
0.0
0.059
-0.0016
-0.0064
-0.0086
0.0016
0.0072
-0.0032
0.0078
0.0106
-0.046
-0.0064
-0.0168
0.009
0.0072
-0.0434
0.0032
-0.0026
-0.005
-0.0036
0.0224
-0.0114
0.001
0.0004
-0.0018
0.0034
0.0004
0.0018
0.0042
-0.0064
-0.0038
-0.0016
-0.016
-0.0008
-0.0072
-0.0144
0.001
-0.0434
0.0006
-0.0068
0.0044
0.0012
-0.0008
0.0002
0.0052
-0.0016
0.003
-0.016
-0.0038
0.008
-0.0342
-0.0086
-0.008
0.0092
-0.005
-0.0028
0.0144
-0.0016
-0.0096
0.0088
0.0076
-0.0144
0.0016
0.0182
0.0018
0.003
0.0052
-0.003
-0.0028
-0.0114
0.0006
-0.0064
-0.0214
-0.0058
-0.011
0.0106
-0.013
-0.0054
-0.0012
0.0026
-0.0018
-0.0006
-0.0148
-0.0048
-0.0002
-0.0024
-0.0066
-0.031
-0.0084
0.0026
0.001
0.0182
-0.0116
-0.0012
0.046
-0.0104
-0.0032
0.008
0.0348
0.0106
-0.0006
0.0152
0.0106
-0.0184
-0.0052
0.0
-0.0036
-0.0144
-0.001
0.0052
0.0152
-0.0172
0.008
0.0016
0.007
-0.0028
-0.0226
0.0
0.005
-0.018
-0.003
0.0376
-0.0218
-0.0162
0.0018
0.0076
0.0028
0.0028
0.0
0.0038
-0.0002
0.0016
0.0162
0.0012
0.0142
-0.003
0.0172
-0.0018
-0.0276
-0.0068
0.004
0.002
0.0022
-0.0218
0.0134
0.0142
0.0216
0.0
0.0274
0.0062
0.0132
-0.0264
-0.0042
0.0028
0.0078
-0.0296
-0.0006
-0.0138
-0.0008
0.0064
0.0064
-0.003
0.0002
0.0036
0.0136
0.004
0.0214
0.0048
0.0
0.0138
-0.0018
0.003
-0.017
-0.0088
0.006
0.0018
0.0036
0.0052
0.0094
0.0474
-0.0054
0.0002
0.0196
0.0086
0.0004
0.0034
-0.0118
0.0154
-0.0018
0.0014
-0.032
-0.0016
0.0016
-0.0106
-0.0036
-0.0018
0.013
-0.0498
0.0022
-0.016
-0.0064
-0.0014
0.041
-0.0116
-0.0046
0.009
-0.0034
-0.0032
-0.0008
0.0008
0.0052
0.0012
0.0096
-0.0268
-0.005
0.002
-0.0084
-0.0054
-0.0002
0.0
-0.0198
0.0232
0.0052
-0.0084
-0.0074
0.0016
-0.0042
-0.0008
0.0072
-0.0088
-0.0088
-0.0574
-0.0032
-0.0028
0.0198
0.0236
0.0086
0.0276
0.0076
-0.0028
0.0012
-0.0106
0.0026
0.0002
0.0068
0.0058
0.0026
-0.0018
0.0232
-0.0008
-0.004
0.0046
0.0058
0.0018
-0.0106
0.0172
0.0058
-0.012
0.0074
0.0274
-0.0296
0.0032
0.0194
-0.0002
-0.0022
-0.0056
0.0228
0.0012
0.0026
-0.0106
0.001
0.0244
-0.0098
-0.0018
0.0044
0.0022
0.0006
-0.0376
-0.0234
-0.0004
-0.0106
0.0244
0.0036
-0.0018
-0.0028
-0.002
-0.0006
-0.0056
-0.0086
-0.0064
-0.0054
0.003
0.0004
-0.0008
-0.0022
0.0222
0.0002
-0.0036
0.023
0.0026
0.0078
0.0004
-0.0036
0.0366
-0.006
-0.019
-0.0216
-0.001
0.0068
-0.0044
-0.0066
0.0022
0.002
-0.0154
-0.0018
0.002
-0.0022
0.0102
0.007
0.0262
-0.0058
-0.0016
0.009
0.0088
-0.0076
0.0036
-0.0056
-0.0012
-0.0366
-0.009
-0.002
0.0062
-0.0008
0.0118
0.0042
-0.0548
0.0678
-0.0044
-0.0002
0.0106
-0.001
-0.0016
-0.0528
0.0004
0.0044
0.0104
-0.0042
0.0464
-0.0084
-0.1718
-0.0208
-0.0008
-0.0032
0.003
-0.0034
-0.0018
-0.049
-0.0026
-0.0172
0.0208
-0.003
-0.0136
0.0362
0.0198
-0.0006
0.0152
0.0238
-0.0014
-0.0002
-0.0004
-0.0172
0.0
0.0012
0.014
-0.0012
0.006
-0.0024
0.0016
0.005
-0.005
0.0126
0.0068
-0.0066
-0.004
-0.0172
-0.0138
-0.0002
0.0108
0.0004
-0.0028
0.0128
-0.0024
0.0124
0.0154
0.078
0.0036
0.0038
0.0
-0.0268
0.0064
0.0118
-0.005
0.0052
-0.0112
-0.0182
0.0004
-0.0036
0.0188
0.006
-0.001
0.0064
0.0392
0.0004
0.0042
-0.0016
-0.0014
-0.0042
0.0128
-0.0046
-0.0002
-0.0222
0.0146
-0.0048
0.0024
-0.0196
0.0016
0.0024
0.002
0.0062
0.0028
-0.0022
-0.0088
-0.0012
0.0004
-0.0044
0.0098
0.0084
0.0054
