-3e-05
0.00159
0.00126
-0.00059
0.00078
-8e-05
0.00047
-0.00024
-0.00057
-0.00067
-0.00029
0.00065
0.00022
-0.00064
-0.00016
-2e-05
0.00135
-0.00031
0.00024
0.00275
0.00037
-2e-05
0.00203
-0.0002
-0.00139
-0.00017
-0.0001
-0.00054
0.00119
0.0
-0.00108
0.00032
-3e-05
0.00016
0.00029
0.00028
0.00055
-0.00023
0.00052
0.00013
-0.00167
0.00038
-0.00042
-0.00016
-7e-05
-0.00074
0.00137
-0.00219
-0.00174
-0.00045
-9e-05
-0.00022
8e-05
0.00054
0.00061
-0.00015
0.00968
0.00147
0.00014
-0.00048
-2e-05
-0.00052
0.0
0.00071
-0.00062
0.00019
5e-05
0.00018
-8e-05
-0.00012
0.0019
0.00116
-0.00013
0.00012
-0.00726
-0.00061
-8e-05
-0.00454
0.00195
0.00038
-0.00041
0.00171
-0.00017
0.00024
-2e-05
0.00549
0.00027
-0.00038
0.00028
0.00053
0.00019
0.00058
0.00101
-8e-05
0.00014
0.00048
0.00154
4e-05
0.00036
-0.00132
-0.00095
0.00031
-0.00016
-0.00034
1e-05
-0.00069
-0.00032
0.0
0.00029
-7e-05
-4e-05
-0.00021
-0.00014
-0.00017
0.00067
0.00011
-0.00059
0.00092
4e-05
2e-05
0.00075
0.00084
0.00052
0.00112
-0.0001
-0.00099
-0.00257
-0.00022
0.00169
-0.00029
-0.00032
0.00081
-0.00382
0.00125
-0.00081
1e-05
-0.00016
0.00141
0.00048
-0.00014
0.00011
-4e-05
0.00104
0.00029
-1e-05
0.00098
0.0
-0.00192
0.0007
-0.00183
0.00095
-8e-05
0.00163
0.00113
0.00033
6e-05
0.0038
-0.00242
-0.00042
0.00029
-0.00231
0.00428
0.00066
-4e-05
0.00049
7e-05
-0.00427
-0.00041
-5e-05
0.0002
0.00067
0.0006
0.00196
2e-05
-0.0004
0.00179
0.00141
-0.00017
-0.00042
-0.00042
0.00027
-0.00031
-0.00015
0.00039
-8e-05
-0.00047
0.00102
0.00016
-0.00254
-0.00013
0.00043
0.00026
7e-05
0.00016
0.00227
0.00051
-0.00111
0.00016
-0.0003
-0.00034
