-0.00011
-3e-05
-2e-05
7e-05
-4e-05
0.0
4e-05
-5e-05
-0.00036
0.00025
0.00013
-5e-05
8e-05
-9e-05
-1e-05
-6e-05
5e-05
8e-05
-0.00016
0.00013
1e-05
-1e-05
8e-05
-7e-05
5e-05
-6e-05
0.00012
1e-05
4e-05
6e-05
-0.0001
-5e-05
0.00019
0.00014
-2e-05
0.00019
-7e-05
5e-05
-1e-05
0.0
4e-05
-0.00022
0.0
3e-05
-5e-05
2e-05
-3e-05
0.00019
-2e-05
8e-05
-9e-05
-0.0002
-5e-05
0.00024
-0.0001
0.00013
-1e-05
-1e-05
0.00079
-6e-05
4e-05
0.00024
0.00061
-0.00016
1e-05
-0.00017
2e-05
0.0
-3e-05
1e-05
7e-05
1e-05
-9e-05
0.0
6e-05
0.0002
-5e-05
8e-05
0.00012
-0.00029
-6e-05
-0.00018
-0.00016
0.00018
1e-05
-1e-05
-0.0001
0.00015
-2e-05
-0.00019
0.00013
8e-05
0.00036
0.0
0.0
1e-05
0.00019
0.00011
2e-05
-2e-05
-9e-05
-0.00023
-6e-05
-6e-05
-0.00024
0.0
6e-05
-2e-05
0.00018
-1e-05
-2e-05
-6e-05
-5e-05
1e-05
5e-05
3e-05
9e-05
-0.00015
-9e-05
7e-05
-9e-05
0.0001
-8e-05
-5e-05
0.0
1e-05
0.0
8e-05
-5e-05
0.00045
-2e-05
-0.00021
2e-05
0.0001
-2e-05
-2e-05
0.00015
-9e-05
-2e-05
-3e-05
-0.00016
-0.00021
3e-05
-0.0001
9e-05
4e-05
0.0
0.0
0.0
1e-05
-0.00013
2e-05
8e-05
0.0
-4e-05
3e-05
-1e-05
0.0
-6e-05
0.00015
2e-05
0.00026
-1e-05
-0.00016
-6e-05
4e-05
2e-05
0.0
0.0
-6e-05
0.0
-2e-05
5e-05
-6e-05
-6e-05
2e-05
2e-05
0.0001
0.00015
0.0004
0.00013
0.00012
4e-05
0.00042
-0.00021
0.00014
7e-05
-1e-05
1e-05
0.0
-0.00028
-2e-05
1e-05
1e-05
5e-05
3e-05
0.00018
2e-05
-0.00013
8e-05
