-0.00078
0.0029
-0.00216
-0.00114
-0.00124
-4e-05
-0.00116
-0.00024
0.00266
-8e-05
0.00108
0.00969
0.00119
-0.00052
-0.00332
-0.00015
0.00035
5e-05
-3e-05
2e-05
-0.00494
0.00187
0.00039
-0.00209
6e-05
-0.002
-0.0001
0.00041
-0.00081
-0.00044
0.00012
-0.0014
-0.00028
-2e-05
-0.00088
0.0009
0.00043
-0.00193
0.00298
-0.00218
-0.00017
0.00083
-0.00123
0.00033
-0.00138
-0.00655
0.00346
-0.00027
6e-05
-0.00025
-0.00126
-0.0002
-0.00048
-0.00112
-0.00189
0.00027
8e-05
-8e-05
3e-05
4e-05
-2e-05
-0.00019
0.00111
0.00089
-0.0004
-0.00345
8e-05
0.00034
9e-05
0.0004
0.00116
0.0009
-0.00033
6e-05
0.0027
0.00026
0.00204
-0.00042
-6e-05
0.00031
-0.00073
-0.00109
-0.00054
3e-05
0.00145
0.00046
-0.00045
0.00025
5e-05
0.00047
2e-05
-0.00035
-0.0002
0.00017
0.0001
7e-05
-0.00011
-0.00175
0.00039
0.00037
-0.00017
9e-05
0.00092
0.00143
-0.00043
-0.00438
-0.00031
0.00093
0.00039
-6e-05
0.00246
0.00026
-0.00026
-7e-05
-0.00018
-0.0001
-0.00121
7e-05
-0.00014
-0.00062
-0.00059
0.00078
-0.00261
-0.00022
-0.00018
-0.00316
-0.00252
0.00047
0.00162
2e-05
0.00018
-0.00061
0.00069
-4e-05
0.00172
-0.00171
-0.00152
-0.00043
-0.00014
-0.002
-0.0006
0.00174
0.00014
0.00132
-2e-05
4e-05
0.00356
0.0003
-0.00237
0.00192
-0.00276
0.00781
0.00069
-0.00035
-0.00014
-0.00024
-0.00064
0.00058
-0.00042
0.00049
-0.00024
0.00077
-0.00094
-0.00164
0.00063
-3e-05
0.00013
-0.00068
-0.00069
0.0
0.00018
-3e-05
-0.00012
0.00038
0.00039
0.00011
-0.00026
-0.00012
8e-05
0.00019
-0.00206
-0.00113
-7e-05
-0.0002
0.00182
0.00031
3e-05
-0.00018
0.00054
0.00087
-7e-05
0.00062
-0.00017
0.00086
0.00071
0.00173
-0.0015
-0.00047
0.00187
0.00012
