-0.00058
-0.00033
-2e-05
-1e-05
-4e-05
-1e-05
-0.00014
0.0004
0.00097
-1e-05
6e-05
0.00013
0.0
-6e-05
3e-05
0.0001
1e-05
0.0
0.00011
6e-05
0.00037
4e-05
0.00053
0.00057
-0.00031
0.00044
0.00036
-0.0001
-5e-05
9e-05
-0.0002
-0.00027
-0.00014
5e-05
0.00034
7e-05
0.0001
1e-05
0.00016
3e-05
0.0
-0.00019
7e-05
-0.00016
-0.00025
0.00034
-0.00035
0.00024
-0.00039
-0.00048
0.00021
-4e-05
3e-05
-1e-05
-5e-05
1e-05
-3e-05
-3e-05
0.00029
-0.00016
0.00015
-2e-05
0.0
-8e-05
-4e-05
-2e-05
-9e-05
6e-05
-0.00034
-0.00036
5e-05
1e-05
-2e-05
0.0
-0.00091
-8e-05
-0.00013
0.00016
0.0
0.00014
-0.00014
4e-05
0.00025
-0.00089
-4e-05
0.00116
-4e-05
2e-05
-0.0019
1e-05
-1e-05
-6e-05
-0.00035
-4e-05
0.0
0.00042
-6e-05
0.00047
0.00025
-7e-05
0.00033
3e-05
-2e-05
-5e-05
1e-05
-7e-05
-2e-05
4e-05
5e-05
-0.00089
-2e-05
5e-05
-0.00026
3e-05
8e-05
-9e-05
6e-05
2e-05
-0.00017
0.00016
0.00011
-6e-05
0.0
-0.00068
-7e-05
0.0
-8e-05
-0.00012
1e-05
-0.00062
0.0002
9e-05
-1e-05
-0.0001
-8e-05
-0.00015
-0.00022
-3e-05
0.00013
-0.00012
-0.00076
0.00022
-0.0001
5e-05
-8e-05
4e-05
-0.00021
0.00069
0.0
-2e-05
-0.00039
-0.00018
0.0001
0.00018
1e-05
2e-05
-3e-05
0.00013
-0.00014
0.00037
0.00038
0.00029
0.00014
0.0
-1e-05
0.00023
0.00048
-7e-05
0.0
-0.00078
-4e-05
0.0001
0.00014
-0.00016
-0.00012
-0.00011
0.0
9e-05
-1e-05
-0.00012
-1e-05
-0.00148
0.00047
0.00014
0.00015
0.00011
-3e-05
0.00043
0.00013
-9e-05
0.00015
0.00035
-0.00044
-3e-05
-0.0002
-0.00053
-0.00011
0.00012
-8e-05
-9e-05
