5e-05
-0.00031
-0.00011
-0.00226
0.00017
-0.00083
0.00012
-0.00028
-0.00048
-0.00169
-2e-05
0.0006
9e-05
0.00029
-6e-05
-0.00016
0.00019
-0.00139
-1e-05
-0.00096
-0.00055
-7e-05
8e-05
-0.00098
0.0
-0.00029
-0.00012
0.00028
-0.00045
9e-05
-0.00029
-0.00019
-0.00061
7e-05
-0.00034
-0.00049
-0.00036
-4e-05
0.00029
-8e-05
0.00025
6e-05
6e-05
7e-05
-0.00041
-0.00019
6e-05
8e-05
-0.00027
-2e-05
-0.00274
-0.00011
-0.00048
-0.00045
9e-05
2e-05
-0.00111
0.00017
0.00019
-0.00017
-0.00138
0.0017
0.00014
2e-05
-0.00021
-0.00168
5e-05
2e-05
0.00017
-7e-05
-0.0016
-0.00063
-5e-05
-1e-05
0.0008
9e-05
-0.00071
9e-05
-3e-05
-0.00037
0.0
-7e-05
-0.00021
0.00017
-0.0006
0.00096
-0.00057
0.0
0.0018
0.0
8e-05
0.00012
-0.0009
0.00056
0.00054
-0.00032
-0.0002
-7e-05
-0.00045
0.00011
0.00026
1e-05
-3e-05
-0.00013
0.00014
0.00019
-0.00043
0.0004
6e-05
-0.00125
-0.00102
0.00083
-0.0009
2e-05
0.00068
-0.00015
0.00057
0.0006
0.00012
0.00152
-0.00026
0.00087
9e-05
-0.00073
-0.00104
1e-05
-0.0005
-0.00057
0.00023
0.00047
-0.00189
0.00022
-0.00011
4e-05
0.0003
-0.0005
-0.00109
0.00054
-0.00131
0.00029
-0.00034
-6e-05
0.0011
-0.00013
-0.00047
-0.00028
4e-05
-1e-05
-0.00027
5e-05
-1e-05
-4e-05
-0.0001
0.00056
-0.00014
0.00057
-0.00069
-0.00021
0.00238
-0.00023
0.00069
-0.00026
-0.00011
0.00119
-0.00011
5e-05
0.00113
0.0001
5e-05
0.00028
0.00019
0.00031
-0.00018
0.00019
-3e-05
0.00024
-0.00061
-0.00049
-0.00025
0.00019
0.00025
0.00124
-0.00025
-0.00038
-8e-05
2e-05
0.00015
0.00029
0.00038
-1e-05
-0.00026
-0.00077
-6e-05
-0.0002
9e-05
-1e-05
0.00044
-0.0001
7e-05
-0.00012
