-0.6812
0.0902
-0.4014
-0.1076
0.4398
0.0538
0.0674
-0.3938
0.065
-0.1524
-0.009
0.4972
-0.2038
-0.1084
0.1308
-0.2724
0.689
-0.0806
-0.0134
-0.036
0.4146
0.0556
0.416
-0.3442
-0.2728
-0.02
-0.266
-0.2872
0.014
-0.0274
-0.3328
-0.3614
0.096
0.0332
0.0426
-0.2948
-0.3582
0.4658
0.4956
0.4692
0.2638
-0.0316
0.0806
0.2216
-0.3342
-0.0274
0.308
0.1466
0.446
-0.0702
-0.3356
0.3218
-0.1256
0.583
0.3652
0.417
-0.1892
-0.2146
-0.4824
-0.2958
0.0114
0.197
0.2254
-0.1318
-0.133
-0.0788
-0.0878
-0.0128
-0.4556
-0.0808
-0.0508
0.4512
-0.2416
-0.1712
-0.0494
-0.6036
0.3238
0.22
0.1142
-0.4974
0.0318
-0.3166
-0.0012
0.3704
0.34
0.1484
-0.4844
-0.4834
0.0938
-0.1954
0.4964
-0.4844
0.471
-0.0566
0.4348
0.0038
-0.441
0.0726
-0.5564
0.0132
-0.539
0.3498
0.3618
-0.0056
0.0368
-0.446
-0.496
0.1578
0.4968
0.0038
-0.3734
-0.1406
-0.4366
0.1874
-0.3008
-0.207
0.2082
0.582
0.0452
0.2124
0.131
-0.1518
-0.385
-0.0372
0.4578
-0.2164
-0.2966
0.0402
0.4194
0.1164
-0.0598
0.6706
-0.1398
-0.6956
0.3104
-0.1066
-0.696
-0.098
0.4604
0.0622
-0.575
-0.1618
-0.1982
0.4824
0.193
-0.0388
0.3464
0.1034
-0.692
0.0014
-0.46
0.0556
-0.196
0.2924
0.0666
0.2012
-0.3162
0.1286
-0.1762
-0.4248
-0.3036
-0.4942
0.2646
-0.0794
-0.4824
0.3612
0.4018
-0.1506
-0.4518
0.297
0.1054
-0.4964
0.523
-0.0012
0.4108
0.215
0.1772
0.4726
0.1128
0.3984
-0.2304
-0.4754
0.2046
0.0694
0.0074
0.0428
-0.2292
-0.014
-0.4878
-0.2252
0.373
-0.0262
0.2706
0.3446
-0.7176
-0.4584
-0.4274
0.4318
-0.1564
0.4986
