0.00043
-0.00137
0.00022
3e-05
0.00097
1e-05
0.00039
0.00051
7e-05
0.0
-7e-05
-0.00034
0.0005
0.00024
-1e-05
0.00064
0.00025
6e-05
5e-05
-0.00013
-8e-05
-4e-05
-0.00016
-9e-05
-0.00013
0.00017
-0.00046
-0.00017
-0.00016
0.00032
-0.00103
-0.00016
-0.00035
-0.00076
0.0003
0.00051
-0.00089
-9e-05
-0.00027
0.00034
-4e-05
-0.00012
-0.0001
0.00011
-0.00028
0.00019
1e-05
-0.00054
0.00049
-6e-05
-0.00092
0.00058
-0.0002
-0.00047
0.0002
4e-05
0.00049
5e-05
0.00121
9e-05
-0.00021
-7e-05
0.00044
0.00048
0.00166
0.00091
-9e-05
-0.00078
0.00016
0.00028
-0.00038
-1e-05
-0.00054
0.00031
6e-05
0.00021
2e-05
-0.0001
0.00048
-0.00012
-6e-05
1e-05
0.00024
-0.00128
0.0
-1e-05
0.0001
-0.00094
0.0002
0.00159
-0.00036
1e-05
0.00013
-0.00012
-0.00025
0.00084
0.00024
-0.00052
0.0001
-0.00164
0.00022
0.00023
-3e-05
0.00072
-0.00031
0.00123
8e-05
0.00016
-7e-05
-0.00032
0.0
-5e-05
-0.00066
0.00019
-0.00142
0.00214
-0.0001
-0.0003
-0.00026
4e-05
0.0
0.00052
-6e-05
1e-05
-0.00016
0.00015
0.00024
7e-05
0.0006
0.00115
8e-05
0.0
-0.0001
0.00054
0.00025
5e-05
-5e-05
0.00213
-0.00079
0.00015
0.00023
-3e-05
0.0003
0.00046
0.00057
0.00027
0.0
5e-05
-5e-05
-5e-05
-9e-05
0.00094
-2e-05
0.00031
2e-05
-5e-05
0.00019
-0.00061
0.00098
0.00022
-0.00019
5e-05
1e-05
7e-05
-8e-05
-2e-05
-0.00045
0.00029
0.00042
0.00041
2e-05
0.00019
7e-05
-0.00018
-5e-05
-0.00021
-0.00012
-5e-05
0.00047
-0.00015
0.00127
0.00043
3e-05
6e-05
-0.00064
-0.00012
-0.00052
-0.00058
-0.00057
0.00039
0.00027
0.00115
-0.00066
0.0001
0.00113
-4e-05
0.00045
-2e-05
-0.00015
-0.00022
