1e-05
0.0001
8e-05
-0.0003
7e-05
0.00028
-6e-05
-0.00042
0.0
-5e-05
0.00041
-6e-05
6e-05
0.0
0.0002
0.00013
-1e-05
-0.00047
0.00016
-6e-05
-0.00019
-0.00019
0.0001
0.00011
-2e-05
0.0
-7e-05
0.00037
-0.00056
-0.00019
0.0
7e-05
-0.00013
-0.00022
-0.00035
-1e-05
2e-05
2e-05
-1e-05
0.00022
-9e-05
0.00023
-1e-05
-9e-05
3e-05
8e-05
0.0001
7e-05
4e-05
-7e-05
0.00018
8e-05
0.0001
-1e-05
5e-05
1e-05
0.00011
-0.0006
2e-05
-8e-05
2e-05
8e-05
0.0
-8e-05
-2e-05
0.00037
3e-05
2e-05
0.00017
0.00038
2e-05
-0.00065
6e-05
1e-05
-0.00011
0.00024
1e-05
-0.00019
0.0001
-0.00033
0.0
3e-05
-0.00016
-0.00021
0.00016
-0.00027
-6e-05
4e-05
0.00028
-0.00013
-0.00016
-0.00017
5e-05
0.0
0.00029
-0.00104
3e-05
0.00014
0.0003
0.00036
-0.00011
-0.00019
0.00065
-7e-05
4e-05
-0.0004
0.00012
0.00035
9e-05
-0.00038
-6e-05
-0.00026
4e-05
-0.0008
-0.00011
0.0
0.00015
-3e-05
0.00022
-0.0009
-5e-05
9e-05
0.00184
9e-05
-0.00019
-3e-05
-0.00012
0.00033
0.00011
-1e-05
-5e-05
-0.00014
0.00016
-0.00173
-3e-05
0.00012
-1e-05
0.00039
-0.00036
-0.00059
0.00034
-6e-05
-2e-05
-0.00076
-0.00024
0.0001
0.00019
-8e-05
-0.00019
6e-05
-2e-05
5e-05
9e-05
0.00013
8e-05
0.0
-4e-05
-0.00014
0.00012
0.00017
0.00026
-2e-05
1e-05
5e-05
-0.00038
-0.00016
6e-05
0.00051
-0.00067
0.00069
0.0011
-0.00019
-0.00011
-0.00015
-2e-05
0.0
-2e-05
-4e-05
-7e-05
0.00012
-8e-05
2e-05
1e-05
-0.00045
0.00065
0.00018
-2e-05
0.0003
-1e-05
0.00025
-9e-05
3e-05
-9e-05
4e-05
-0.00129
-9e-05
3e-05
-2e-05
-2e-05
4e-05
