-0.012
-0.604
-0.1302
0.5456
0.1946
-0.2434
0.082
0.095
-0.2916
0.3424
-0.2284
0.2188
-0.0108
0.6158
0.7424
-0.0096
-0.0868
-0.4026
-0.0822
0.2058
0.2202
-0.2458
-0.3158
-0.2942
0.1712
0.5926
-0.056
-0.7172
-0.0538
0.0876
0.0048
0.5154
0.0198
-0.1888
0.131
0.6254
0.6054
0.0282
0.0156
0.177
-0.4738
-0.7424
-0.3914
-0.1054
0.0322
0.6146
-0.2498
-0.2804
0.147
-0.6166
-0.0316
-0.2182
0.1888
-0.397
-0.1628
0.3628
-0.3284
0.007
-0.6692
0.0098
0.2752
0.0114
-0.0402
0.1466
-0.421
0.0336
-0.1582
0.0646
0.085
-0.0268
0.5544
-0.1004
0.7248
0.125
-0.0286
0.7212
-0.4082
-0.1024
0.6186
-0.4084
-0.0536
-0.2368
0.0444
0.1734
0.0204
0.0464
0.2146
0.314
0.356
0.0176
0.0936
-0.0834
0.0
0.0214
-0.362
-0.7342
0.1752
-0.1482
0.2148
-0.005
0.0516
0.435
-0.0066
-0.0376
0.077
0.1162
0.1334
0.0004
-0.1092
0.0022
0.0188
0.2056
0.1026
0.5674
0.0048
-0.1434
0.3258
0.5164
0.08
0.0278
-0.4864
-0.2396
0.1088
0.2
0.0016
0.0
-0.2116
-0.0828
-0.0102
-0.0156
-0.2286
-0.4198
0.3122
0.0368
-0.2106
-0.0664
0.0932
0.1116
0.0096
0.2708
0.0952
0.6612
0.0554
0.0
-0.2184
0.0278
0.0388
-0.0054
-0.0278
-0.7362
-0.0726
-0.0416
0.2116
0.017
-0.6682
-0.1626
0.0938
-0.3376
0.0104
0.0398
-0.23
0.739
0.0468
-0.2128
0.648
-0.0016
0.1754
0.0678
0.003
-0.0796
0.0176
0.13
0.0136
0.0494
0.037
-0.6206
0.209
-0.3494
0.6582
-0.6882
0.2116
0.0604
0.3234
-0.0408
-0.2498
0.5618
0.2058
-0.0584
0.6436
-0.1512
0.1108
0.0516
0.086
0.3486
-0.0072
0.0142
0.1058
0.3476
0.1462
-0.199
