-0.00017
-7e-05
-7e-05
-0.00019
-0.00225
-8e-05
0.00025
-0.00011
0.00381
0.0
4e-05
0.00086
0.00012
-0.00024
0.00566
-0.00109
0.00011
-0.00016
0.00036
4e-05
7e-05
-0.00016
0.00162
-0.00371
-7e-05
0.00163
-0.00074
-2e-05
0.0013
-0.00019
0.0017
-0.00047
-0.00056
7e-05
-3e-05
-7e-05
-0.00056
2e-05
9e-05
2e-05
-0.00016
-0.00117
-0.00149
0.0001
-0.00141
5e-05
5e-05
-1e-05
7e-05
2e-05
0.00085
-0.00045
0.00091
-0.00024
-0.00035
-0.0006
-3e-05
-6e-05
0.00307
-0.00107
-0.00017
0.00074
0.00016
-0.00307
0.00125
-0.00117
0.00016
9e-05
0.0
-2e-05
-0.00054
0.00027
-9e-05
0.00024
0.00056
0.0006
0.00012
0.00022
0.00015
-5e-05
0.00022
0.00181
0.00016
-0.00016
0.00073
0.00127
0.00025
-2e-05
-0.00033
-6e-05
-0.00084
0.00127
0.00031
0.00087
-0.00293
0.0002
-1e-05
-5e-05
-0.00025
0.00158
0.00019
-0.00168
-0.00037
2e-05
-0.00288
0.00133
-5e-05
4e-05
-0.00161
-0.00022
0.00042
-0.00045
-0.00055
0.00077
0.00122
-0.00028
0.00131
0.00017
0.00041
0.00067
0.00333
1e-05
-0.00343
0.00057
-9e-05
0.00753
-0.00015
0.00037
-8e-05
-0.00023
-5e-05
0.00012
0.00021
-0.00054
-0.00019
-0.0014
0.00072
-0.00072
0.00391
0.00015
-0.00106
-0.00122
-0.00013
-0.00089
0.00015
0.00132
0.00067
-0.00012
0.00023
0.00078
0.00046
-0.00051
0.00021
-0.00113
-0.00065
-0.00085
-0.00099
-0.00043
-2e-05
0.0003
-0.00153
-0.00149
-0.0004
-0.00105
-0.00019
0.00093
-0.00102
9e-05
-0.00022
-0.00127
0.00049
0.0008
-0.00054
-0.00012
8e-05
1e-05
0.00066
1e-05
0.00909
-7e-05
-0.00035
4e-05
0.00014
0.00039
0.00018
-0.00311
-3e-05
-3e-05
2e-05
-0.00024
0.00016
-0.00169
-0.00052
-0.00125
0.00073
0.00029
0.00178
-2e-05
0.00027
-0.00034
