-0.016
0.002
0.01
0.026
-0.015
0.04
-0.025
0.023
-0.05
-0.006
0.011
-0.003
0.009
0.003
0.007
-0.006
0.0
0.0
-0.013
0.001
-0.02
-0.019
-0.01
-0.033
-0.008
0.005
0.003
-0.045
0.0
0.0
-0.01
0.003
-0.011
-0.028
-0.015
-0.038
0.001
-0.046
-0.013
0.008
-0.002
-0.009
-0.024
0.004
0.003
0.013
0.007
0.007
-0.017
0.005
-0.009
-0.003
0.031
0.023
-0.029
0.01
-0.002
0.007
0.007
0.014
-0.008
0.011
0.005
0.008
-0.004
-0.012
0.013
0.014
0.001
0.034
0.043
0.0
-0.002
-0.029
0.006
-0.007
-0.024
0.0
-0.037
-0.013
0.032
-0.005
0.01
0.002
-0.03
0.007
-0.041
-0.016
-0.015
-0.003
0.044
0.014
-0.05
-0.049
0.005
-0.011
-0.014
-0.014
-0.005
0.019
-0.009
-0.009
0.025
0.025
-0.013
0.006
0.013
0.019
-0.01
0.028
0.021
0.023
0.007
0.025
-0.013
-0.006
-0.006
-0.01
-0.01
-0.019
0.03
0.017
-0.009
0.006
-0.01
-0.006
-0.025
0.001
-0.012
-0.017
-0.006
-0.006
0.0
-0.019
0.007
-0.003
-0.005
-0.005
-0.008
-0.003
0.012
0.007
0.005
0.002
0.012
-0.029
-0.014
-0.009
-0.002
0.012
-0.001
0.012
0.016
0.03
0.007
-0.011
0.018
0.009
0.015
0.015
0.0
0.006
-0.035
0.007
0.012
-0.026
0.003
-0.007
-0.01
-0.014
-0.016
-0.01
0.035
-0.006
-0.016
-0.003
-0.016
0.006
-0.013
0.006
0.027
-0.016
-0.012
0.007
0.014
-0.023
0.012
-0.017
0.036
0.027
-0.001
0.004
0.009
-0.004
-0.002
0.02
0.005
-0.019
0.013
0.004
-0.006
0.015
0.026
0.013
0.031
-0.022
0.002
-0.021
0.006
0.007
-0.007
-0.001
-0.016
-0.021
0.015
-0.01
-0.046
-0.017
0.016
-0.001
-0.015
0.025
0.002
-0.034
0.022
-0.008
0.006
0.019
0.007
-0.015
0.007
-0.018
-0.027
-0.001
-0.005
0.001
-0.006
-0.006
-0.004
0.006
-0.002
0.005
0.002
0.002
0.006
0.027
-0.008
-0.014
0.014
0.01
-0.007
0.001
-0.022
-0.001
0.001
0.006
0.03
-0.018
0.009
0.032
0.024
-0.028
0.023
0.008
-0.038
0.019
0.018
0.028
0.0
0.03
-0.016
0.001
0.009
-0.008
0.019
-0.011
0.0
-0.008
0.005
-0.011
-0.013
0.023
-0.001
-0.005
0.016
-0.012
-0.005
-0.014
-0.006
0.014
-0.024
-0.042
0.006
0.034
-0.008
0.013
-0.006
0.004
-0.019
0.009
-0.015
0.033
0.009
-0.017
0.032
0.028
0.009
0.02
-0.006
0.001
0.011
-0.008
-0.004
-0.01
0.024
0.033
0.019
0.029
0.003
-0.012
0.008
0.037
0.009
-0.007
0.007
0.011
-0.006
-0.014
-0.021
-0.028
-0.005
-0.023
0.011
0.002
0.0
0.007
0.003
0.0
-0.006
0.003
-0.001
0.007
-0.006
-0.026
0.022
0.015
0.012
-0.003
0.012
-0.015
0.033
-0.001
0.012
0.032
-0.024
0.011
0.008
0.011
0.004
-0.006
-0.018
-0.01
0.01
0.004
0.014
0.016
0.025
0.009
-0.059
-0.005
0.016
-0.024
0.011
-0.031
0.018
0.016
-0.012
-0.011
0.021
-0.003
0.022
-0.004
-0.013
0.014
-0.012
-0.005
0.004
-0.038
0.002
-0.008
0.023
-0.003
0.016
0.004
0.022
-0.021
-0.003
0.017
0.006
-0.013
0.015
-0.004
0.004
0.0
0.003
0.009
0.028
0.006
0.013
0.016
0.015
0.029
-0.018
0.002
-0.022
0.016
0.0
0.015
0.0
-0.001
-0.01
0.018
0.003
-0.015
0.006
-0.03
0.005
0.008
0.019
-0.006
-0.01
0.017
0.025
-0.023
0.011
0.007
-0.014
-0.001
-0.022
-0.01
-0.024
0.023
-0.028
0.021
0.016
0.009
0.02
-0.011
-0.017
0.043
-0.017
-0.017
0.024
-0.039
-0.017
-0.025
-0.015
-0.025
0.028
0.0
0.011
0.015
0.035
-0.004
0.003
-0.001
0.003
0.007
0.005
-0.025
0.025
0.006
-0.006
0.025
0.002
-0.01
0.015
-0.013
0.003
-0.008
-0.001
0.027
0.005
-0.013
0.001
-0.003
0.025
0.018
0.003
0.009
-0.012
-0.02
0.026
0.037
0.023
0.011
0.014
-0.001
-0.01
-0.03
-0.021
0.005
-0.001
-0.001
-0.009
-0.024
0.011
-0.013
-0.011
-0.025
0.036
-0.003
-0.005
-0.023
-0.021
-0.013
-0.029
0.013
0.006
0.021
0.004
-0.003
0.042
-0.006
0.002
-0.01
-0.015
0.02
0.012
-0.011
-0.01
0.015
-0.001
0.008
0.006
-0.001
0.006
0.028
-0.003
0.006
0.017
-0.007
-0.004
-0.004
0.018
0.021
0.005
0.013
0.02
0.003
-0.008
0.016
-0.009
0.0
0.024
0.007
0.003
-0.005
0.005
0.002
-0.005
0.002
-0.014
0.021
-0.007
0.02
-0.011
-0.009
0.017
-0.006
-0.003
-0.008
-0.024
0.018
0.021
0.007
0.016
-0.004
0.022
-0.021
-0.024
-0.027
-0.022
0.009
-0.005
-0.009
0.027
-0.007
-0.01
-0.034
0.0
0.003
0.003
-0.015
-0.002
0.008
-0.014
-0.008
-0.016
-0.018
0.026
0.025
-0.009
0.004
0.004
0.033
-0.028
-0.025
0.034
-0.008
-0.005
-0.004
0.016
-0.001
0.022
-0.009
0.026
0.019
0.025
-0.017
-0.001
0.014
0.024
0.008
-0.002
-0.018
0.011
0.003
0.016
0.0
0.006
-0.004
-0.001
0.004
0.009
-0.012
0.018
0.01
0.028
0.005
0.004
0.035
-0.008
0.011
-0.019
-0.02
-0.027
-0.033
-0.007
-0.033
-0.014
0.006
0.01
-0.027
-0.018
0.013
-0.023
0.001
0.051
0.002
0.003
-0.011
-0.018
-0.01
0.012
-0.007
0.006
0.002
-0.042
-0.002
-0.031
0.005
0.002
-0.023
0.016
-0.019
0.003
-0.018
0.005
-0.049
-0.04
0.002
-0.008
-0.038
0.062
-0.011
0.016
-0.016
0.014
0.025
-0.002
-0.006
0.003
-0.012
-0.019
0.007
0.006
-0.021
-0.003
-0.012
-0.003
0.036
-0.009
0.005
0.004
0.0
-0.009
-0.01
0.013
0.013
-0.015
-0.002
0.04
-0.014
-0.004
0.031
0.006
-0.015
0.006
-0.009
0.007
-0.033
0.005
-0.027
-0.016
-0.018
0.004
-0.015
-0.019
-0.004
0.02
0.006
0.037
0.009
-0.016
0.007
-0.026
0.017
0.015
0.009
-0.008
-0.008
0.001
0.016
-0.006
-0.019
0.019
-0.004
-0.012
0.005
0.01
0.032
0.02
0.006
-0.004
-0.001
0.002
-0.034
0.013
-0.026
0.015
0.011
0.004
-0.001
-0.016
0.0
-0.006
-0.004
-0.02
0.02
-0.004
0.014
0.019
-0.001
0.038
-0.005
-0.02
0.015
-0.011
0.03
0.012
0.005
0.014
0.002
0.022
0.005
0.002
0.028
0.007
-0.01
-0.009
-0.013
0.005
0.006
0.006
0.002
-0.009
-0.014
0.023
0.018
-0.006
-0.005
-0.013
0.016
-0.004
0.023
-0.02
-0.021
0.01
-0.026
0.014
0.002
0.029
0.036
0.009
-0.048
0.01
-0.005
0.013
0.018
0.015
-0.037
-0.009
-0.02
-0.006
0.002
0.011
-0.003
-0.028
0.013
-0.023
0.011
0.006
0.025
0.045
0.007
-0.005
0.004
0.022
0.002
-0.009
0.004
-0.023
0.009
-0.016
-0.011
-0.001
-0.02
0.008
-0.026
0.0
-0.01
-0.008
0.035
0.018
-0.026
-0.002
0.011
-0.013
-0.011
0.014
0.015
0.002
-0.005
-0.025
-0.025
0.005
0.016
0.003
0.012
-0.013
-0.021
0.011
0.001
-0.007
0.001
-0.04
0.013
-0.017
0.028
0.039
-0.011
-0.02
-0.029
-0.016
0.033
-0.006
0.019
-0.001
-0.009
-0.008
0.029
-0.005
-0.02
0.017
0.027
-0.022
0.007
-0.008
0.03
-0.007
-0.005
0.002
0.007
0.011
0.006
-0.029
-0.009
0.039
-0.001
-0.016
0.051
0.002
0.008
-0.019
-0.014
0.018
0.008
0.0
-0.033
-0.01
0.001
0.005
0.027
0.013
0.018
-0.01
0.011
-0.007
-0.004
0.012
-0.008
-0.017
0.0
0.012
-0.018
-0.002
0.031
-0.017
-0.006
0.001
0.008
-0.003
0.009
-0.008
0.0
-0.004
0.026
0.006
-0.011
-0.009
0.009
0.005
-0.016
-0.007
-0.026
0.016
-0.022
0.041
0.0
0.012
0.017
-0.001
0.004
0.017
0.006
0.004
-0.023
-0.008
0.005
0.008
0.004
0.027
0.007
-0.017
-0.01
0.021
-0.005
0.054
0.006
0.019
-0.001
-0.009
-0.025
0.006
-0.015
0.0
-0.011
0.001
0.017
-0.005
0.018
-0.005
-0.009
0.017
0.007
0.024
0.013
0.016
0.001
