-4e-05
-1e-05
0.00016
6e-05
0.00047
0.00033
6e-05
0.00013
0.0015
1e-05
0.00019
-0.0004
-0.00059
9e-05
0.00046
-0.00024
0.00061
-6e-05
-0.00022
-4e-05
-1e-05
3e-05
0.0009
-2e-05
-0.00025
-6e-05
0.00012
6e-05
0.00051
0.00022
-0.0001
0.00027
5e-05
9e-05
-0.00025
-0.00017
-7e-05
0.00039
0.00014
-6e-05
-0.00028
-0.00213
4e-05
0.00055
0.00022
0.00131
-0.00041
-0.00025
0.0
-0.00024
-9e-05
-0.00024
-0.00027
0.00047
8e-05
-3e-05
-0.00024
0.00013
0.00012
-0.00017
-0.00125
-1e-05
-0.0001
0.0
3e-05
-0.00054
0.00012
-4e-05
-0.00031
0.0001
0.00075
-0.00143
-5e-05
0.00013
5e-05
-1e-05
-5e-05
0.00067
0.0002
-0.00096
0.00015
0.00206
-4e-05
0.00017
-0.00016
-9e-05
0.00099
-0.00022
-0.00033
0.00091
2e-05
0.0008
-0.0002
9e-05
4e-05
-3e-05
0.00014
-3e-05
9e-05
-0.00012
-1e-05
-0.00093
0.00095
-5e-05
0.00029
-0.00013
8e-05
-1e-05
0.00056
0.0
-1e-05
3e-05
3e-05
2e-05
0.00011
0.00012
0.00072
-0.00024
8e-05
0.00038
-0.00023
2e-05
0.00041
8e-05
0.0
-0.0003
-0.00154
0.0
-0.0006
0.0005
-0.00033
0.0008
0.00013
0.00053
0.0
9e-05
0.0001
5e-05
-1e-05
-0.00031
0.0011
-0.00029
-0.00115
0.00028
-0.00013
0.00049
-0.00012
0.00012
0.00028
0.00051
0.00093
-2e-05
1e-05
0.00012
-3e-05
8e-05
0.0
-0.00014
-3e-05
-6e-05
-0.00017
0.00098
-0.00017
0.00053
0.00058
-3e-05
2e-05
-0.00018
6e-05
-9e-05
-9e-05
0.00011
0.0001
-8e-05
0.0003
0.00025
0.00021
-5e-05
-4e-05
4e-05
-0.00071
0.0
-0.00033
-0.00024
0.00012
-0.00013
-0.00022
1e-05
-0.00019
-9e-05
0.00012
-0.00033
-1e-05
0.00016
0.00013
0.00075
-9e-05
-0.00042
-0.00017
6e-05
