-0.00024
-1e-05
-2e-05
0.0001
0.00053
-0.00011
-0.0002
-0.00033
1e-05
0.00017
1e-05
-8e-05
-0.00037
0.00022
-0.00021
-0.00044
7e-05
8e-05
-4e-05
-7e-05
-0.00011
-1e-05
-0.00027
0.00011
-0.00024
0.00017
0.0002
-0.00122
-1e-05
0.0
6e-05
0.00031
0.00011
0.00012
-0.00153
-0.0005
0.0001
8e-05
-0.00045
1e-05
-0.0003
0.0
1e-05
0.00014
-4e-05
0.00027
3e-05
-0.00035
-0.00056
0.00052
0.0
0.00016
5e-05
3e-05
3e-05
0.00046
-0.00018
-0.00019
8e-05
-6e-05
-0.00083
-0.00034
-0.00038
0.00066
-0.00016
-0.00109
-2e-05
-0.00014
0.0003
8e-05
-4e-05
0.00077
3e-05
0.00022
-6e-05
-0.00016
1e-05
-0.00068
0.0
-0.0001
0.0
-2e-05
-0.00029
-0.00015
3e-05
-8e-05
0.0
-0.00077
-0.00028
-8e-05
-3e-05
-5e-05
-0.00012
4e-05
-2e-05
-0.00011
-7e-05
0.00067
-2e-05
0.00024
8e-05
-4e-05
-0.00014
-0.00018
0.00014
0.00045
-0.00019
-1e-05
0.0
9e-05
1e-05
3e-05
3e-05
9e-05
-5e-05
6e-05
0.0003
-1e-05
6e-05
-0.0005
3e-05
0.00064
6e-05
-3e-05
0.00011
-5e-05
-0.00032
-5e-05
-0.00029
-4e-05
0.00063
5e-05
0.00032
3e-05
8e-05
0.00027
5e-05
-4e-05
-0.00023
0.00048
0.0002
-8e-05
-0.00014
-4e-05
-0.00037
-0.00021
-8e-05
0.00036
-9e-05
-3e-05
-0.00038
3e-05
-1e-05
0.00035
-4e-05
-7e-05
-0.0001
-7e-05
-0.0004
7e-05
0.00019
7e-05
-7e-05
0.00019
0.0002
-7e-05
2e-05
-0.00021
0.00027
-0.00035
0.00011
-0.00041
0.00012
2e-05
2e-05
3e-05
-8e-05
-0.00014
0.00036
-4e-05
-3e-05
0.00021
-0.00062
0.00072
-0.00026
-0.00013
0.0
0.00015
-3e-05
0.00011
0.00012
-0.00018
-0.00016
-5e-05
3e-05
0.00037
-3e-05
-0.0003
0.00011
-4e-05
