-4e-05
7e-05
0.00017
-0.0001
0.0
0.00082
-0.00038
-1e-05
-0.00069
-1e-05
0.0001
0.0
0.00046
9e-05
-0.00018
-0.00062
0.00025
-0.00087
-1e-05
-0.00013
0.00015
5e-05
-0.00011
-0.00021
-2e-05
-5e-05
-6e-05
0.00026
-3e-05
0.00101
-0.00036
0.0
-0.00023
0.00011
-6e-05
0.0005
0.0
-3e-05
0.00038
0.00032
6e-05
-0.00031
-0.00043
0.00015
-0.00033
-0.00016
-0.00013
1e-05
5e-05
0.00082
0.0001
-6e-05
0.00019
-9e-05
-0.00066
8e-05
-2e-05
4e-05
-8e-05
0.00013
1e-05
4e-05
-0.00069
-2e-05
-0.00019
0.00014
4e-05
-2e-05
0.00093
-2e-05
0.00015
3e-05
5e-05
0.00022
2e-05
0.00037
-1e-05
-0.00027
0.0
0.00062
-0.00026
-3e-05
0.00012
-3e-05
0.00018
5e-05
-0.00052
-4e-05
4e-05
-0.00071
-0.00034
0.0
0.00023
0.00017
-0.00015
0.00011
-0.00076
0.00019
0.00012
0.00015
3e-05
-4e-05
3e-05
-0.0008
0.00014
-3e-05
7e-05
1e-05
0.0004
-2e-05
3e-05
-0.00058
0.00062
0.0003
0.00043
-9e-05
-1e-05
-6e-05
-4e-05
1e-05
1e-05
-1e-05
-0.00139
-0.00013
-1e-05
0.00033
1e-05
-0.00067
-0.00011
-0.00012
-0.00013
-4e-05
0.00103
0.00032
5e-05
0.0
-9e-05
-1e-05
-0.00025
0.00015
6e-05
6e-05
-0.00011
-0.00031
-8e-05
0.00022
-3e-05
-0.00029
0.00019
-0.00016
3e-05
-0.00022
0.0
-3e-05
8e-05
-1e-05
0.0
9e-05
8e-05
-4e-05
2e-05
0.00054
3e-05
-0.00011
-0.00022
-0.00022
-0.00021
0.00032
-1e-05
0.00029
0.0
0.00019
0.00019
0.00042
0.00017
-8e-05
-5e-05
-8e-05
-0.0002
6e-05
-8e-05
8e-05
-0.00031
0.00024
-7e-05
-3e-05
-5e-05
-0.00025
-1e-05
-0.00033
1e-05
6e-05
-0.00024
7e-05
0.0002
6e-05
8e-05
0.00013
-6e-05
1e-05
