-0.00029
9e-05
-6e-05
7e-05
0.00032
0.00225
0.00053
-0.00165
-0.00033
0.00012
0.00083
0.00267
-4e-05
0.00086
-0.00045
0.00125
0.00169
0.00106
0.00018
-0.00162
0.00151
-0.00012
0.00074
-3e-05
-0.00038
0.00039
-0.00022
9e-05
-0.00014
-0.00017
-0.00023
0.00138
0.0007
0.00109
-0.00058
-3e-05
-0.00012
0.00088
-7e-05
-0.00067
-0.00022
0.0002
-0.0002
0.00061
-0.00276
0.00032
6e-05
-0.00065
-0.0004
0.00151
9e-05
-0.0002
0.00011
-0.00045
0.0001
-0.00086
0.00037
0.00099
0.00163
0.00098
0.00048
0.00063
2e-05
0.00019
0.00112
0.00011
0.00043
-0.00134
-0.00015
0.00038
0.00043
4e-05
-3e-05
-2e-05
0.00016
0.0
-0.00023
-9e-05
6e-05
-0.00039
-0.00216
-0.00209
0.00033
-0.00021
0.00035
-3e-05
-0.00133
-9e-05
4e-05
-2e-05
-5e-05
-9e-05
0.00054
-3e-05
0.00014
1e-05
-0.00034
-8e-05
-0.00042
-0.00061
-0.00018
-0.00062
-0.00079
0.00156
-2e-05
2e-05
-9e-05
-0.00063
-4e-05
1e-05
0.00026
-0.00039
-0.0002
0.00046
0.00051
-0.00017
2e-05
-0.00165
0.00138
0.0
-0.00091
-1e-05
0.00016
0.00062
0.00061
-0.00282
0.00179
-6e-05
0.0002
4e-05
-0.00058
2e-05
-0.00038
-0.00043
-0.00102
0.00252
1e-05
1e-05
0.00017
-0.00138
0.00047
6e-05
-0.0002
-0.0003
0.00096
9e-05
-0.00064
0.00068
-0.00017
-0.00127
-1e-05
-2e-05
5e-05
0.00025
-8e-05
-0.00017
0.0
-0.00179
0.00057
-3e-05
-0.00013
-0.00066
0.00042
0.0005
0.00027
0.00309
0.00083
-0.00011
-0.00149
-0.00064
3e-05
-0.00032
-0.00196
-5e-05
-0.00023
0.00014
0.00044
0.00086
-0.00044
-2e-05
-0.00018
-0.00016
0.00059
0.00013
0.00027
-0.00039
-0.00037
-0.00019
-0.00065
0.00035
0.00035
0.00109
0.00052
-0.0001
-0.00015
-0.00029
0.0
-0.00107
0.00011
-0.00331
