-3e-05
5e-05
5e-05
1e-05
-7e-05
-7e-05
-2e-05
1e-05
8e-05
-0.00026
-2e-05
-7e-05
0.00033
5e-05
0.00031
-3e-05
6e-05
2e-05
5e-05
-0.00021
-0.00036
2e-05
-1e-05
-9e-05
0.00012
-0.0003
-8e-05
-5e-05
0.00021
-0.00012
-0.0001
-2e-05
-5e-05
-0.00012
2e-05
-6e-05
-7e-05
0.00022
7e-05
0.00011
1e-05
0.00049
-0.00012
-1e-05
-1e-05
0.00012
-0.00022
-0.0002
-3e-05
1e-05
0.0
-0.00071
-0.00027
0.00021
7e-05
-0.00015
-4e-05
1e-05
-9e-05
2e-05
-0.00014
1e-05
0.0
-0.0006
0.00028
-1e-05
-0.00041
-6e-05
0.00034
1e-05
0.0004
3e-05
0.00018
2e-05
0.00016
-4e-05
-3e-05
-8e-05
-3e-05
8e-05
5e-05
-0.00012
-2e-05
2e-05
0.0
0.00017
-0.0001
0.0
2e-05
-0.00016
1e-05
8e-05
-3e-05
-0.00015
2e-05
-0.0001
1e-05
0.0
0.0
0.00018
-1e-05
1e-05
-2e-05
4e-05
-8e-05
2e-05
0.00019
-1e-05
0.00037
0.0001
4e-05
-5e-05
-1e-05
-0.00054
-0.00012
0.0
1e-05
-0.00048
0.00014
9e-05
-0.00017
-0.00021
0.0001
-0.00076
0.00053
2e-05
-5e-05
-0.00011
0.00067
9e-05
-2e-05
0.0
0.00049
0.00036
-3e-05
-0.00014
0.00043
-1e-05
-9e-05
-0.00027
0.00034
6e-05
0.0001
4e-05
-0.0002
-0.00019
0.00043
0.0
5e-05
-2e-05
-0.00032
0.0
-3e-05
0.0
0.0
1e-05
0.0
1e-05
-0.0001
0.0
-5e-05
4e-05
3e-05
-3e-05
0.00019
-2e-05
-0.00019
3e-05
5e-05
1e-05
0.00015
-0.00011
9e-05
-1e-05
0.00018
-2e-05
0.00017
0.00015
-0.00011
-0.00017
0.00037
-0.00021
5e-05
-0.0004
-0.00021
-5e-05
-2e-05
0.0001
-0.00021
0.00024
0.00012
-8e-05
-8e-05
0.0
-0.00035
-6e-05
4e-05
-0.00012
-0.00016
0.0
