0.00017
-0.00039
0.00025
-3e-05
5e-05
-0.00024
-0.00031
-8e-05
-0.00046
0.00039
-0.0008
-0.00073
2e-05
-0.00155
-0.00015
-0.00078
-0.00039
-0.00026
-0.0004
0.00047
-0.00016
-0.00056
-0.00043
-0.00027
-2e-05
2e-05
0.00013
0.00091
0.00026
0.00019
-0.00084
-0.00145
0.00119
-8e-05
-0.00024
-0.00046
0.00091
-1e-05
-0.0004
0.00257
-1e-05
0.00099
9e-05
-0.00017
0.00053
-3e-05
0.00019
-0.0009
-0.0003
0.0001
0.00031
-3e-05
-0.00189
-0.00031
0.00055
2e-05
8e-05
0.00019
-0.00013
8e-05
0.00015
-0.00083
2e-05
0.0004
6e-05
-0.00016
0.00066
0.00072
7e-05
0.00062
-0.00153
6e-05
0.00019
8e-05
-0.00225
0.00109
-0.00047
-0.00086
-0.00252
0.00019
-0.00022
0.00124
-0.00104
-0.00024
9e-05
7e-05
0.00038
-0.00083
0.00025
0.00117
0.00168
0.00064
0.00202
0.00163
0.00032
-0.00036
-0.00039
-3e-05
-1e-05
0.00067
-0.00048
0.00043
0.00012
-0.00052
0.00059
0.00061
-0.00025
3e-05
3e-05
3e-05
-0.00131
4e-05
-0.0004
-8e-05
-0.00123
-0.00171
0.00026
-5e-05
0.00039
-1e-05
-2e-05
-0.00034
0.00124
-0.0008
5e-05
-0.00015
0.0011
-0.00019
0.00035
0.00014
-0.00044
0.00013
-0.0031
-0.00072
0.00057
-0.00209
0.00121
-4e-05
0.00078
0.0
-0.00051
0.00104
-0.00305
-0.00121
-0.00017
7e-05
0.00064
0.00091
0.0001
-0.00031
-5e-05
0.00016
3e-05
0.0
0.00205
-0.00099
0.00019
0.00017
-0.00017
-0.00029
-0.00068
3e-05
-0.00021
0.00018
-0.00033
0.00075
4e-05
0.00118
0.00018
1e-05
-0.00082
0.0
8e-05
0.00023
0.00077
-0.00268
0.00188
0.00043
0.00189
0.00131
-0.0001
0.00289
0.00483
-0.00015
-0.00035
0.00166
0.0
-0.00143
-0.00021
-3e-05
-0.00019
-7e-05
0.00041
-9e-05
0.00094
-1e-05
-0.00093
0.00013
0.00021
9e-05
