0.00132
0.00011
-0.00084
-3e-05
0.0002
1e-05
-0.00014
-0.00039
0.00023
-0.0001
9e-05
6e-05
0.00044
-0.0008
-0.00065
-9e-05
0.00021
2e-05
0.00021
-7e-05
0.00071
-0.0002
-5e-05
0.0
4e-05
-0.00069
0.00025
0.00017
1e-05
0.0003
0.00031
4e-05
0.00023
0.0
0.00011
0.00051
-0.00023
-0.00024
0.0
-3e-05
-0.00047
0.00015
-0.00053
1e-05
0.0002
-4e-05
1e-05
0.00089
0.00022
7e-05
-1e-05
0.00016
-0.00023
-2e-05
2e-05
6e-05
7e-05
-1e-05
-0.00027
0.00021
-1e-05
9e-05
2e-05
0.00011
-0.0007
0.00107
0.00012
-7e-05
-2e-05
-0.00017
0.00025
-0.00076
0.00011
-0.00014
0.00019
0.00021
6e-05
0.00092
-0.00033
-3e-05
-0.00011
0.0
-5e-05
-0.00026
0.0
-8e-05
-9e-05
0.0
-0.00053
0.00034
0.00016
-0.00011
4e-05
-0.00033
5e-05
0.00059
6e-05
0.0
-0.0003
-6e-05
-0.00017
-1e-05
-8e-05
0.0
3e-05
-0.00084
-0.00012
-3e-05
-0.00027
-1e-05
0.00022
8e-05
-0.0003
-0.0005
-2e-05
2e-05
-3e-05
-9e-05
0.00011
-6e-05
-1e-05
8e-05
1e-05
0.0
0.0
-0.00014
1e-05
0.0002
-7e-05
-0.00017
-2e-05
0.00012
-1e-05
0.00024
0.00054
-0.00016
-0.00017
-5e-05
-0.00022
-5e-05
0.0004
0.0003
-4e-05
4e-05
-0.00026
-1e-05
0.00025
-5e-05
2e-05
-7e-05
0.00026
0.0
0.0001
0.0006
0.0
-0.00022
0.00108
-5e-05
-1e-05
0.00046
0.00014
0.00132
-0.00057
-2e-05
-0.00026
0.00049
-9e-05
0.00011
-0.00056
0.00019
0.00018
-6e-05
-0.00011
-8e-05
0.00033
-0.00039
0.00042
-8e-05
0.00056
0.00026
0.0001
-5e-05
0.00049
-2e-05
0.00059
-4e-05
-3e-05
-0.00021
-8e-05
-8e-05
-0.0001
0.00063
-0.00014
1e-05
-2e-05
0.00018
0.00021
0.00017
0.00016
-0.00022
