0.0079
0.003
0.0046
-0.0017
0.0006
0.0083
-0.0058
-0.0139
0.0008
0.0004
-0.0012
-0.0002
-0.0013
-0.0003
-0.0008
-0.0055
-0.004
-0.0012
0.0081
-0.0032
-0.002
0.0014
-0.0037
0.0059
0.0025
0.0081
-0.0002
0.009
0.0005
-0.0064
-0.0024
0.0064
-0.0001
-0.0022
0.0038
0.0015
-0.0008
0.0062
0.0026
0.0038
0.0016
0.002
-0.0029
-0.0018
-0.0064
0.0081
-0.0025
0.0025
0.0014
-0.0026
-0.0046
0.0028
0.0004
0.0007
-0.0059
-0.0036
-0.0006
-0.0008
-0.0001
-0.0035
-0.003
0.0054
-0.0035
-0.0023
0.002
0.0056
0.0072
-0.0094
0.0009
-0.0018
0.007
0.0022
0.0045
-0.012
0.0031
0.009
-0.0021
0.0006
-0.0027
0.0046
0.0017
0.0024
0.0018
0.0014
-0.0007
0.0061
-0.0035
-0.0017
-0.0043
-0.0001
-0.0028
-0.0006
0.003
0.0013
-0.0033
-0.0049
-0.0014
-0.0053
-0.0052
-0.0035
0.0026
0.0003
-0.0105
0.0009
0.0006
-0.0024
0.0029
-0.0001
0.0034
0.0003
0.0005
0.002
-0.0006
0.0049
-0.0047
0.0088
0.0062
-0.0094
0.0043
0.0029
0.0029
-0.0045
-0.0004
-0.0035
0.0014
0.005
0.0046
-0.0006
0.0007
-0.0055
0.0025
0.0009
-0.0033
-0.0076
0.0001
0.0023
0.0007
-0.0007
-0.0009
0.0023
0.0049
0.0043
-0.0027
-0.0083
0.0032
-0.0005
-0.001
-0.0104
0.0045
-0.0078
0.0094
0.0133
-0.0038
-0.0044
-0.0049
-0.0004
-0.0027
0.003
-0.0006
-0.0045
0.0032
0.0076
-0.0064
0.0027
0.001
0.0026
0.0037
-0.0054
-0.0016
-0.0035
0.0016
0.0021
0.0047
-0.0005
-0.0013
-0.0071
0.002
-0.0039
-0.0021
0.0095
0.005
-0.0046
0.0066
-0.0018
0.0062
0.0005
-0.001
0.0024
0.0054
0.0111
0.0028
-0.0017
-0.002
0.0006
0.0011
0.0021
0.0054
-0.0052
0.0063
0.0005
