0.0003
0.00014
-0.001
6e-05
-0.0012
-0.00104
0.00116
-0.00366
-0.00024
0.00094
2e-05
0.0003
-0.00028
0.00228
0.0002
0.0001
0.00326
0.00012
-0.00036
-0.00726
0.00036
0.00084
-0.003
-0.00264
0.0001
-0.00202
0.00488
8e-05
0.00034
-0.00112
0.00144
0.00182
-0.0011
-4e-05
4e-05
-0.00246
-0.002
0.0002
2e-05
-0.00148
-0.00378
-0.00114
6e-05
0.00054
0.00068
-0.00114
0.00058
0.00246
-0.00094
0.00032
-0.00088
-0.00422
-0.00028
-0.00014
-0.00084
0.00076
-0.00038
0.00042
-0.0061
-0.0029
-0.00034
4e-05
0.00192
0.00096
0.00132
-0.00032
0.00354
0.00138
0.0007
0.00062
-0.00118
-0.0016
0.00154
-0.00034
0.00148
0.00016
-0.00078
-0.00058
0.00218
-0.00198
0.00096
-0.00046
0.00092
-0.00022
0.00382
0.00012
0.00546
0.00298
-0.00076
0.00132
-0.00056
-0.00046
-0.00046
0.0039
-0.004
0.0015
0.00044
0.00048
0.00304
0.0011
-8e-05
0.00094
-0.00364
0.0005
-0.00068
8e-05
-0.00018
0.00084
-0.0003
-0.00062
-2e-05
-0.00024
-0.0013
-0.0004
-0.00284
-0.00012
0.0005
6e-05
-0.0001
0.00098
-0.00024
-0.00404
-0.00032
-0.00064
-0.00212
0.00062
-0.00016
-0.00386
-0.00018
0.00394
-0.00016
-0.00012
-0.00084
8e-05
-0.00046
-0.00122
-0.00074
0.00076
0.0004
0.00082
0.0005
0.0004
-0.00106
-4e-05
-0.0023
-0.00132
-0.00244
0.0001
-0.00312
-2e-05
0.0002
0.00296
0.0012
0.00164
-0.00058
-0.00014
0.0006
-0.00282
0.0
0.00062
0.0025
-0.00116
-0.00068
-0.00034
0.00098
0.00042
0.0001
8e-05
-0.00332
-0.00618
0.00224
-0.00074
0.00154
-0.00026
-0.00022
-0.00066
-0.00118
0.00046
-0.00016
0.0
-0.0005
-0.0001
0.00172
6e-05
0.0007
-0.00072
0.00072
6e-05
-0.00166
6e-05
0.00168
0.00016
-0.0002
-0.00176
-0.0001
0.00024
0.00054
0.00028
0.00094
-0.00032
0.00078
0.0
0.00324
-0.00048
0.00016
0.00024
-0.00026
-0.00068
-0.00106
-0.00084
-0.00032
-0.00046
0.00182
-0.00114
-0.00036
0.00402
0.0012
0.00038
-0.00018
-0.00066
0.00074
-0.0013
-0.00384
8e-05
8e-05
0.00256
-0.0003
0.00146
-0.00082
0.00136
0.0004
2e-05
-0.00108
0.0
-0.00234
0.00134
0.0003
-0.00018
0.0
-0.0024
2e-05
0.0011
-0.0007
-0.00258
-0.00278
2e-05
0.00182
-0.0006
4e-05
-0.00134
-0.00052
0.00034
-0.00052
0.00202
0.00306
0.00068
-8e-05
-0.0002
0.00042
0.00016
-0.00126
0.00592
-0.0001
-0.00126
0.00012
-0.00446
0.0004
-0.00016
-0.00074
-0.00036
0.00132
0.00046
0.0004
-0.00266
0.0027
-0.00026
0.00246
0.00034
0.00054
2e-05
-4e-05
0.00046
-0.001
0.00042
-0.0018
0.00046
0.00688
0.00716
-0.00014
-0.004
-0.00052
-0.00022
-0.00192
0.00066
0.00034
0.0
-0.00032
-2e-05
0.00352
-0.00166
0.00086
0.00092
-0.00092
0.00578
0.0002
0.00022
0.00206
0.00048
-0.00054
0.00012
0.00028
0.00016
0.00052
0.00038
-0.0011
0.00016
0.00068
0.00012
-0.00124
0.00044
-0.00062
0.00334
0.00096
0.00234
-0.00152
-0.00028
0.00168
-0.00032
0.0004
0.00134
0.0006
0.00228
0.00224
0.00038
0.00142
2e-05
-0.00032
-0.00036
-0.00146
0.0007
-0.0009
-0.00038
-4e-05
0.00164
0.0034
0.00026
6e-05
-0.00262
0.00216
0.0002
0.00238
-0.00014
-0.0002
0.00044
-0.00062
0.00042
-0.0013
-0.00066
0.00148
-0.00016
-0.00234
-8e-05
0.00018
-0.00448
0.00068
0.00012
0.00076
0.0004
-0.00148
-0.00134
0.00072
-8e-05
0.0
0.00028
-0.00014
0.00012
0.00108
-0.0005
-2e-05
-0.00332
-2e-05
0.00054
0.00138
0.00138
-0.00052
-0.00018
0.00032
0.00032
4e-05
-0.0001
-0.00136
0.0021
0.0004
0.0015
0.00024
0.0009
0.00056
0.00212
0.00338
0.0004
0.00042
0.00036
-0.00182
0.0
0.0
0.00104
-0.00176
0.00012
0.00126
0.0007
-6e-05
0.00208
0.00046
0.00022
0.0
8e-05
-0.00062
-4e-05
-0.00036
0.0014
0.00838
-0.00078
-0.0001
-0.0002
0.00506
0.0012
-0.00012
-0.00078
-0.00046
0.00372
8e-05
-0.00014
-0.00022
-0.00014
0.00022
0.0023
-4e-05
-0.00138
-6e-05
-0.0004
0.00014
0.00122
-0.00066
-0.00068
0.0012
-0.00038
-0.0016
0.00166
-0.00716
-0.00138
-2e-05
-2e-05
0.0027
0.0012
-0.00114
-0.00096
-0.00134
-0.00062
-2e-05
-0.00354
-0.00146
-0.00064
-8e-05
-0.00174
0.00236
0.00016
0.00212
-0.00026
0.0012
0.00026
-0.00018
0.0
-0.00014
0.00096
0.00072
0.0006
-0.00018
-8e-05
-0.00036
0.00066
-0.00418
4e-05
0.00018
-0.00388
0.0003
-0.00328
0.0
0.001
0.00106
-0.0001
-8e-05
0.00924
0.00024
0.0018
0.00272
-0.00012
0.00014
-0.00168
-0.00026
-0.0002
0.00022
0.00194
0.00034
-0.00288
0.001
-0.00014
0.00126
0.00062
0.00268
0.00072
-0.00146
0.00066
-0.00222
0.00302
-0.0001
-0.00268
-0.0003
-0.00246
0.00054
-0.00024
-2e-05
-2e-05
-0.0001
0.00046
8e-05
-0.00024
0.0002
-0.00012
0.00042
-0.00086
-0.00112
0.00902
4e-05
0.00072
0.00134
-0.00378
0.00112
-0.0001
-0.00262
0.0034
-4e-05
-0.00084
-0.00124
0.00424
-0.0004
-0.00016
0.00016
-0.0023
-0.00042
0.00162
0.00122
0.00038
-0.00034
-0.0013
-0.00026
-0.00012
6e-05
0.00356
0.00446
-0.00388
0.0028
-0.00446
0.00094
-0.00054
0.00262
-0.00082
0.00022
-0.00138
0.00078
6e-05
-0.0008
0.0008
-0.0001
0.00296
-0.00068
0.00024
0.00272
8e-05
0.00082
-0.00052
-0.0011
2e-05
0.00062
0.00014
-0.00168
-0.00078
-0.0031
0.0002
0.0001
-0.00034
-0.00126
0.00186
0.00522
0.00058
0.00018
-0.00224
0.0
-0.00026
-0.0001
0.0004
-6e-05
-0.0002
0.00024
0.00098
6e-05
2e-05
-0.00278
0.00184
-0.00798
-0.00124
6e-05
-0.0007
-0.00064
-0.00044
0.00038
-0.00018
0.0024
-0.00162
0.00038
-0.00378
0.0
0.00216
-8e-05
-0.00398
-0.00194
-0.00386
0.0
-0.0012
0.00044
2e-05
-4e-05
-0.00072
0.00164
0.0026
-0.0004
-0.00146
-0.00116
0.00014
-0.00014
0.00076
-0.00028
-0.0015
0.00138
-0.00458
-0.00046
0.0003
0.00038
0.00016
0.00074
0.00034
0.0012
0.00078
4e-05
0.00142
0.0066
-0.00034
-0.00026
-6e-05
-6e-05
-0.00018
0.00238
-0.00068
0.00118
-2e-05
0.00242
0.00022
-0.00132
-0.00166
-0.00118
0.00024
0.00374
0.00026
0.0
0.00402
-0.00252
-0.0002
0.00224
-0.0068
0.00028
0.006
-0.00122
-0.00026
0.00054
-0.0007
-0.00194
0.00012
0.00172
8e-05
-0.00328
0.00032
0.00252
0.00032
-0.0004
0.00098
8e-05
-0.0024
0.00032
0.00062
-0.00064
-0.00148
-0.00172
0.00038
0.00032
-0.00022
-0.00074
-6e-05
0.00062
-0.00124
-0.00032
0.00016
-0.00022
-0.00012
-0.00462
-0.00012
0.00054
-0.00098
0.00084
-0.00042
-0.0002
0.00058
-0.00018
-0.00046
-0.0001
0.00096
0.00082
0.00358
-0.00028
0.00122
0.0002
0.00168
-0.00118
6e-05
-0.00046
0.00068
-2e-05
0.00298
0.00022
0.00102
-6e-05
0.00098
0.00076
-0.00102
-0.00014
-0.00512
-0.0006
0.00092
0.0
0.0021
-4e-05
-0.0005
-0.0006
-0.00044
-4e-05
0.00038
-0.00016
-0.0015
0.0012
-0.00146
0.004
0.00262
0.00172
0.00128
-0.00102
0.0
-0.00014
-0.00128
0.00012
0.00056
-6e-05
-0.00194
-0.00024
-0.00106
-0.00026
-2e-05
-0.0007
-0.0007
-0.00182
-0.0001
0.00378
0.0007
0.00072
0.0003
0.00022
-0.001
0.0006
0.00032
-6e-05
-0.00028
0.00054
0.0007
0.00034
0.00034
0.00022
0.0022
0.00036
0.00032
0.00552
-0.0019
-0.00144
-0.00036
0.0006
0.00168
-0.00106
0.00054
0.00098
-0.00024
0.00694
0.00012
0.00164
0.00102
0.00684
-0.00186
-4e-05
0.00194
-0.00252
-0.00404
0.0033
-0.0006
2e-05
0.0075
-0.0004
-0.00316
0.0019
0.00056
0.00062
-0.00102
0.00394
-0.0012
0.0002
0.00036
-0.00048
-0.00174
-0.0001
0.0022
-0.00488
-0.00302
0.0006
-0.00034
-0.00046
-0.00022
0.0026
0.0001
0.0032
-0.00098
0.0
0.00034
-0.00494
0.00036
-0.00086
-0.0001
-0.00064
0.00012
-0.00168
2e-05
-0.00032
0.00018
0.0
-0.00986
0.00136
0.00288
0.00236
0.0003
0.00082
-4e-05
-0.00188
-0.00082
-0.00038
0.0008
-0.00394
-0.00016
-0.00048
0.00402
0.00022
0.0017
-0.00382
-4e-05
-0.00076
-0.00042
-0.00242
0.00486
0.00064
0.00092
0.0009
-0.00364
-0.00082
-0.00152
2e-05
-0.0023
0.00064
-0.00122
0.00026
-0.00036
8e-05
-0.00104
-0.00034
0.0024
-0.00142
0.00014
0.00054
0.00056
-0.00068
-0.00114
0.00444
-0.00052
-0.0015
-0.00398
0.00074
-0.00052
0.00214
0.00278
0.00034
-0.00062
-0.00138
0.00014
0.00094
-0.00012
6e-05
0.00082
-0.00066
-0.00264
0.00048
8e-05
0.0006
-0.00048
4e-05
6e-05
0.00014
-4e-05
-0.00288
0.00052
-0.0006
-0.0027
-0.0001
-0.00402
0.00016
0.0012
-0.0003
-0.0003
0.00132
0.00022
-0.00046
0.0004
0.00018
0.00022
-0.0009
0.0
0.00106
0.00026
0.00164
-4e-05
0.00142
0.00108
0.00156
0.00106
0.00042
-0.00014
-0.00042
0.00044
0.00062
-0.00054
-0.00044
-0.00196
-0.00068
0.00044
0.00384
0.00016
-0.0018
0.00086
0.00208
-0.00036
-0.0001
-0.00278
-0.00068
-0.00018
0.00106
-0.00114
-0.00242
0.00062
0.00024
-4e-05
-0.0009
0.00014
-0.0042
0.00538
-0.0017
0.00194
-2e-05
-0.00016
0.0
-0.0003
0.0003
-0.00034
-0.00022
2e-05
0.00056
-8e-05
0.0
-0.00164
0.00026
-0.00628
