0.3634
-0.0354
-0.525
-0.0044
0.2224
0.7946
0.3138
-0.669
-0.0876
0.25
-0.2024
0.059
-0.0134
-0.3844
-0.0024
0.2038
0.0608
0.6686
0.5504
-0.081
0.3806
-0.1048
0.0018
0.4414
0.0122
-0.0404
0.149
0.3446
-0.7838
-0.1734
0.3394
0.0036
-0.0778
-0.0058
-0.3118
-0.5094
0.0754
0.4876
-0.0074
0.3936
-0.4014
0.1202
0.3408
-0.104
-0.103
-0.165
0.3894
0.1004
-0.0058
-0.4062
0.3514
0.072
-0.059
0.0912
0.35
-0.254
0.1126
0.3618
-0.3228
-0.2224
0.0424
-0.0988
0.425
-0.008
0.1376
0.1328
-0.397
0.156
0.0572
0.1482
-0.543
-0.4026
0.2422
-0.0086
0.747
0.518
-0.7274
-0.0058
-0.0292
0.2222
-0.3634
0.5138
-0.7992
-0.3342
-0.3622
0.233
-0.2932
-0.075
0.0134
-0.0466
0.0168
0.349
-0.4074
0.4006
-0.0682
-0.6782
-0.0916
0.0492
0.049
0.01
-0.002
0.0044
-0.0006
0.4692
0.3358
0.067
-0.1032
0.0222
-0.565
-0.0074
0.2256
-0.2756
-0.382
-0.364
-0.417
0.2464
-0.0052
0.1004
-0.4216
-0.2328
-0.3904
0.009
0.0132
-0.1438
-0.136
0.5066
0.0732
0.1906
-0.7342
0.0156
0.0462
0.4354
-0.3648
0.6264
0.0124
0.5852
0.4748
0.346
-0.3626
0.39
-0.0318
-0.3658
-0.0376
0.0214
-0.0032
0.0872
-0.5924
0.0054
0.0146
0.0062
0.0474
-0.3224
-0.0046
0.3016
0.5954
0.284
-0.2736
0.0216
-0.2874
-0.3794
-0.4026
0.0392
-0.3868
-0.0584
-0.3544
0.3112
0.0514
-0.0852
0.0244
0.5422
-0.1686
0.082
0.067
0.0026
0.75
-0.0944
0.2212
-0.2894
-0.0226
0.321
-0.0778
-0.1084
0.5716
0.3898
-0.143
0.0004
-0.0644
-0.1176
0.0842
-0.258
0.2482
-0.4902
0.0344
-0.493
0.3316
0.3038
-0.0112
-0.4196
0.156
-0.034
