9e-05
-0.00049
-5e-05
0.00054
-0.00069
1e-05
-5e-05
-1e-05
-3e-05
5e-05
0.00067
1e-05
2e-05
0.00049
-4e-05
-0.00028
4e-05
-0.00021
0.0
-5e-05
-0.00105
-4e-05
-6e-05
-0.00013
-9e-05
-0.00013
0.00028
0.00012
-0.0003
-0.0005
-0.00062
7e-05
0.00051
-3e-05
-0.00047
-0.00147
0.00022
-5e-05
0.00011
-0.00021
-0.00018
-0.0001
6e-05
-0.00016
-0.00017
-0.00108
0.0
1e-05
0.00029
5e-05
-0.0002
4e-05
5e-05
-0.00014
0.00034
-0.00013
-0.00024
-0.00105
-0.00026
0.00028
0.00041
-0.00014
1e-05
3e-05
-6e-05
2e-05
2e-05
0.00019
0.00019
-0.00015
6e-05
0.0
5e-05
4e-05
0.0
0.00028
-1e-05
0.0
-7e-05
0.00034
-0.00017
-1e-05
-0.00031
9e-05
0.0005
-0.001
0.00025
-0.00028
0.00071
-3e-05
0.00052
-0.00033
-0.00037
7e-05
-0.00011
8e-05
-0.00044
5e-05
-0.00011
0.00011
9e-05
5e-05
-9e-05
-0.00017
-8e-05
0.00053
9e-05
0.00031
-7e-05
-6e-05
0.00077
-0.00019
0.00024
-3e-05
-0.00017
-9e-05
0.00028
-0.00011
-3e-05
-7e-05
-1e-05
7e-05
-0.00076
-0.00013
-0.0001
-5e-05
-0.00018
5e-05
0.0002
-8e-05
0.0
-0.0001
-4e-05
0.00011
-0.00018
3e-05
0.00018
-0.00012
1e-05
-0.00022
-1e-05
1e-05
0.00012
3e-05
-0.00019
0.00015
-2e-05
5e-05
-0.00014
-0.00035
5e-05
9e-05
4e-05
-5e-05
-0.00041
0.0
-8e-05
0.00036
2e-05
0.0
-0.00016
0.00016
-2e-05
-0.00021
-0.00038
-6e-05
-2e-05
2e-05
-0.00033
-3e-05
5e-05
0.00015
-0.00017
-0.00014
0.00066
-3e-05
-0.00013
-5e-05
1e-05
3e-05
1e-05
0.0002
-0.00018
0.00019
-0.00015
-0.00016
0.0
0.0001
6e-05
-0.00045
0.00025
0.00031
-1e-05
-3e-05
-7e-05
2e-05
-1e-05
-0.0002
-1e-05
1e-05
