-0.00038
0.0
-0.00087
-0.00015
-0.00068
0.00049
-0.0001
0.00105
0.0001
0.00012
-0.00165
-0.00026
2e-05
0.00015
0.00021
0.00015
0.00059
-0.00041
-6e-05
0.00011
0.00022
-0.00151
-0.00013
-0.00042
0.00016
-0.00011
0.00041
-9e-05
-3e-05
0.00011
-2e-05
0.00062
8e-05
-0.00044
7e-05
-0.00021
0.00108
-0.00023
-0.0001
-0.00074
1e-05
0.00049
0.00038
-0.00015
0.00033
0.00023
-0.00014
2e-05
0.00061
4e-05
7e-05
3e-05
7e-05
-7e-05
0.00127
-0.00027
-4e-05
5e-05
-0.00095
0.00015
0.00202
7e-05
0.0
-6e-05
0.00057
-3e-05
-0.00019
0.00037
0.00016
0.00044
-0.00029
-8e-05
-0.00033
0.00049
0.0014
-0.00038
0.00011
-0.00037
-0.0003
-5e-05
0.00019
-0.00024
-0.00038
0.00041
0.00029
-0.00124
0.00024
9e-05
-0.00052
0.00028
-7e-05
-0.00013
-0.0001
-7e-05
-0.00193
0.0011
-0.00098
0.00031
-8e-05
-0.0008
6e-05
5e-05
6e-05
8e-05
0.00057
-2e-05
-0.00052
0.00065
1e-05
5e-05
3e-05
0.00022
-0.00087
0.00104
0.00114
0.00104
-0.00033
-0.00015
0.00015
-2e-05
0.00104
2e-05
-1e-05
1e-05
-0.00079
-0.00033
0.00023
0.00014
0.00039
0.00059
-0.00033
2e-05
0.00048
-0.00013
0.00087
0.00034
-0.00029
-5e-05
2e-05
-0.00018
0.00052
0.00062
0.00022
0.00045
0.00045
0.00023
-0.00017
-0.0001
-0.00037
2e-05
0.0001
3e-05
0.00053
-0.00074
0.00137
0.00124
-0.00063
0.0002
-0.00059
-1e-05
0.0
0.00054
0.00067
-0.00024
-3e-05
0.00117
0.00034
0.00017
-0.00016
-0.00013
0.0
-5e-05
0.00043
0.00032
5e-05
-0.00036
-0.0007
-7e-05
0.00024
0.00016
-0.00027
0.00011
-0.00029
-0.00025
-0.00055
3e-05
-0.00017
-0.0007
-0.00015
5e-05
0.00033
0.00017
-0.00032
0.00012
0.00063
0.00027
0.00055
-7e-05
-9e-05
0.00024
