0.00015
-0.00014
-6e-05
2e-05
4e-05
0.00037
0.00158
0.00035
0.00016
-1e-05
-0.00015
-4e-05
-0.00017
-0.00068
-5e-05
0.0
-6e-05
1e-05
1e-05
0.00011
-4e-05
-0.00033
0.00026
-0.00073
0.0
0.001
0.00033
-0.00021
0.00107
-0.00054
0.00121
0.00065
8e-05
-1e-05
3e-05
0.00031
-2e-05
-0.00021
-8e-05
-0.00025
-0.00017
-0.00021
0.00043
-0.0003
-2e-05
-0.00011
-0.00024
-0.0006
-0.00054
0.00011
-0.00044
7e-05
-2e-05
-7e-05
-0.00021
-2e-05
0.00011
-4e-05
-0.00024
0.00024
0.00024
0.00023
0.00022
0.00011
-0.00011
0.0002
-2e-05
6e-05
-2e-05
-0.0001
-0.00054
4e-05
-0.00016
5e-05
-4e-05
-0.00041
0.0
2e-05
-0.00021
-0.00016
-0.00041
0.00035
0.00036
0.0
-1e-05
4e-05
5e-05
-0.00012
0.00092
0.00015
-8e-05
7e-05
-6e-05
0.00059
6e-05
3e-05
0.0001
1e-05
-0.00047
-0.00015
5e-05
0.00017
-1e-05
0.00027
-0.00013
-0.00021
-0.00011
0.00013
-0.00011
0.00108
1e-05
-0.00015
-0.00118
-0.00016
0.0
-0.00034
0.00049
-5e-05
-0.0001
0.00032
8e-05
-4e-05
4e-05
-2e-05
0.00024
-4e-05
4e-05
-1e-05
0.00014
-6e-05
7e-05
-0.00019
-0.00011
0.00022
0.00023
2e-05
0.00017
0.00022
4e-05
0.00042
4e-05
-0.00015
6e-05
-9e-05
0.00022
-0.00031
0.00052
-0.00138
1e-05
6e-05
-0.00047
0.00031
-0.00029
-0.00012
4e-05
7e-05
0.00012
0.00035
0.00018
-0.0005
-0.0006
-0.00014
1e-05
-2e-05
0.0
6e-05
-0.00019
0.00029
-0.00063
0.00026
0.00034
4e-05
-0.00025
-1e-05
0.00066
-5e-05
5e-05
-0.00013
0.00014
-7e-05
-8e-05
0.00104
-0.00025
-0.00061
-1e-05
-0.00112
7e-05
1e-05
-0.00025
0.00045
1e-05
0.00164
0.0001
-2e-05
8e-05
7e-05
2e-05
-0.00011
-0.00013
0.0001
