0.00011
-0.00353
-0.00027
0.00063
-0.00078
0.00012
8e-05
-0.00086
0.0
0.0001
0.00014
0.00066
0.00044
0.00024
-0.00042
0.00113
0.00055
-0.00076
-0.0005
8e-05
-1e-05
0.00063
-6e-05
-0.0004
-0.00127
0.00031
0.00052
-8e-05
0.00042
-3e-05
9e-05
0.00151
-0.00022
-0.00033
-0.00018
0.0
0.00131
-0.00079
2e-05
-0.00088
-0.00044
-0.00014
-5e-05
3e-05
-0.00117
-0.00151
0.00091
0.001
0.00181
5e-05
0.00097
0.00011
8e-05
0.00013
-0.00027
-0.00011
0.00261
0.0
-0.00022
-0.0008
-0.00013
-0.00085
-0.00078
0.00019
-0.00051
0.00167
-0.00061
0.00017
-0.00017
-0.00018
3e-05
-0.00071
-0.00093
0.00018
-0.00031
-9e-05
0.00011
0.00085
0.00017
-3e-05
-0.00016
-0.00055
0.0004
0.00116
0.00013
0.00031
4e-05
2e-05
1e-05
0.00028
0.00088
-0.00061
-0.00068
-0.00033
0.0001
-0.00022
4e-05
0.00023
-4e-05
-2e-05
0.00028
0.0009
2e-05
0.00199
-0.00078
0.00012
-0.00012
0.00021
-0.00049
0.00109
0.00027
-0.00016
-6e-05
0.00049
-8e-05
0.00026
-0.00165
-0.00012
-0.00035
0.00149
3e-05
-0.00019
3e-05
-0.00066
0.00017
-0.00096
-1e-05
4e-05
0.00017
-0.00045
8e-05
0.0
2e-05
0.0
0.00012
-0.00038
4e-05
2e-05
0.0002
-5e-05
-0.00089
-0.00086
-8e-05
-4e-05
-5e-05
2e-05
0.00205
-0.00107
1e-05
2e-05
0.00054
-0.00022
0.00073
0.00076
0.00045
-1e-05
-0.00036
-0.00057
-0.0016
-0.00034
0.0004
0.00018
3e-05
-1e-05
-0.00018
-0.00119
0.00061
0.00019
0.00055
0.00029
0.00013
-0.00125
-0.00035
-9e-05
0.00044
-4e-05
0.00105
0.00041
-0.00011
-0.00053
0.00121
9e-05
0.00086
-0.00018
0.00039
0.00013
1e-05
9e-05
0.0
-0.00026
0.00048
-0.00069
-0.00055
-0.0001
-0.00035
-0.00034
-0.0001
0.0001
0.00019
0.00012
