-0.00038
-4e-05
-7e-05
0.00137
0.00106
0.00019
0.0
0.00027
0.00026
0.00026
0.00012
0.00031
-8e-05
0.00035
0.00012
0.00025
0.0
-0.00012
0.0
6e-05
-5e-05
-0.00063
-0.00028
6e-05
1e-05
4e-05
0.0
0.00046
-0.00052
-0.00017
0.00017
0.00049
-4e-05
8e-05
0.00012
-0.00035
-0.00011
-0.00032
0.00033
-5e-05
-8e-05
4e-05
0.00052
0.00016
-0.00028
2e-05
-8e-05
0.00013
0.00021
-0.00041
0.00012
-3e-05
-0.00026
-2e-05
6e-05
-5e-05
0.00017
8e-05
0.0007
0.0002
-5e-05
0.0
-8e-05
6e-05
-2e-05
-2e-05
0.00025
0.00025
-1e-05
0.00048
-9e-05
-0.00097
1e-05
-0.0009
5e-05
-5e-05
0.00051
-0.00021
-0.00037
1e-05
-5e-05
-7e-05
-2e-05
0.0
-0.00015
-6e-05
3e-05
0.00028
0.00015
-2e-05
-0.00044
-0.00014
-3e-05
1e-05
-1e-05
0.0
0.00042
0.00016
4e-05
3e-05
-0.00133
0.00011
0.0
-0.0005
-5e-05
0.00013
5e-05
-0.00112
0.00019
-0.00051
-0.00015
0.00016
0.00058
0.00013
0.0
0.00043
4e-05
-0.00025
0.00011
-2e-05
-0.00014
1e-05
-0.00073
0.00034
0.00031
-3e-05
-0.00012
-0.00017
-0.00015
-0.00019
6e-05
4e-05
-0.00023
0.00069
-0.0003
-0.00024
0.00036
2e-05
-0.00049
-0.00061
8e-05
-0.00015
7e-05
0.00024
3e-05
0.00015
-0.00012
3e-05
-8e-05
1e-05
5e-05
-7e-05
0.00087
-1e-05
0.00066
1e-05
-0.00023
0.00013
0.00079
-4e-05
3e-05
-1e-05
0.0
-5e-05
-1e-05
-0.00068
0.00021
-6e-05
-1e-05
-0.00026
-6e-05
8e-05
-0.00066
4e-05
0.00019
-2e-05
-0.00013
-0.00012
1e-05
-0.00019
0.00016
0.00118
-6e-05
0.00084
-0.0002
-0.0005
0.0002
-1e-05
0.0
0.0
0.00012
-0.00019
4e-05
0.0001
-0.00012
0.00056
3e-05
4e-05
0.00029
0.00032
