8e-05
0.0002
4e-05
0.00113
1e-05
-0.00012
-0.00121
0.00016
0.0003
1e-05
-0.00021
0.00016
0.00079
-2e-05
0.00025
0.00076
-0.00031
-9e-05
0.00053
3e-05
0.00018
0.00031
-0.00016
0.00025
0.00034
-0.00055
4e-05
6e-05
-0.00025
-0.00029
0.00017
0.00034
-0.00039
9e-05
0.0003
0.00054
-0.00099
3e-05
-4e-05
0.00025
-0.0004
1e-05
8e-05
-0.0001
-0.0006
-0.00019
0.00076
-0.00158
-2e-05
2e-05
-0.00012
0.00033
-0.00018
-0.00014
0.00111
-0.0001
-0.00049
6e-05
0.00123
-0.00027
-0.00133
0.00081
-0.0013
-4e-05
0.00025
0.00092
-0.00022
-0.00045
0.00011
-6e-05
0.00046
0.0016
-0.00022
-0.00033
0.00075
5e-05
-7e-05
9e-05
5e-05
-7e-05
-9e-05
-0.00183
-2e-05
0.00028
-0.00036
-8e-05
-3e-05
-2e-05
-0.0004
-7e-05
6e-05
0.0004
0.00019
0.00077
0.0
0.00046
0.00037
-9e-05
-0.00043
0.00039
-0.00023
0.00056
-0.00065
9e-05
6e-05
0.0004
0.00012
-0.00018
-3e-05
-0.00035
-6e-05
-0.00088
-0.0001
-0.00033
0.00042
0.00026
-0.00037
0.0005
-0.00017
-0.00031
0.00016
0.00042
-2e-05
0.0
0.00295
-0.00091
-0.00014
2e-05
5e-05
0.0
-0.00031
-0.00014
-0.00046
0.00032
0.00015
0.00045
-5e-05
0.0
-0.00117
0.00032
0.00017
0.00114
0.00141
-0.00054
3e-05
-0.00042
-2e-05
0.00192
0.0
0.00022
4e-05
0.00055
0.0009
-0.00065
0.00027
-0.00051
6e-05
4e-05
3e-05
0.00018
4e-05
-0.00057
0.00051
-0.00032
-5e-05
0.00046
0.00034
-0.00035
0.00025
-4e-05
0.00176
0.00033
-2e-05
0.0006
0.00041
0.00032
-0.00021
0.00106
-0.00168
-0.00048
-0.00061
-0.00131
4e-05
0.00011
-0.00029
-7e-05
0.00029
-0.00055
0.00056
-5e-05
0.0001
0.00087
-8e-05
-0.00023
2e-05
-0.00154
-0.00027
5e-05
-0.00041
-0.00021
