-0.0007
0.00013
0.0
-1e-05
-0.00014
-0.00012
5e-05
0.00047
0.00046
0.00016
-0.00064
1e-05
-0.00096
-0.00049
0.0004
0.00017
4e-05
0.00033
4e-05
0.00046
-0.00034
2e-05
9e-05
-1e-05
0.0
0.00027
-0.00019
-0.00031
-8e-05
-0.00051
-0.00015
0.0001
2e-05
-0.00035
0.00098
0.00016
0.00086
0.00034
-0.00068
-6e-05
-4e-05
-9e-05
-0.00084
-4e-05
-0.0002
0.0002
8e-05
-0.0002
0.00033
0.00018
1e-05
-0.00016
-3e-05
-0.00028
-2e-05
0.00022
-0.00106
0.00153
-0.00019
-0.00054
6e-05
-0.00052
-0.0001
2e-05
-0.00013
6e-05
-0.00031
0.00152
0.00051
-0.0006
-7e-05
5e-05
8e-05
0.00097
4e-05
0.0003
0.00256
0.00021
-4e-05
0.0
-0.00212
-0.00139
0.00014
5e-05
-0.00054
-0.00051
0.0
1e-05
-5e-05
0.0
0.00015
8e-05
-9e-05
0.0
-0.00012
0.00123
0.0
-9e-05
-8e-05
0.00068
5e-05
-1e-05
2e-05
-1e-05
-4e-05
-0.00013
9e-05
0.00185
-1e-05
0.0003
-2e-05
0.00154
-0.00021
-5e-05
0.00088
-8e-05
0.00046
1e-05
0.00151
0.00058
-0.00012
0.00014
0.00119
0.00087
0.00072
-7e-05
0.00057
-7e-05
-0.00027
3e-05
-0.00023
0.00031
-0.00146
-1e-05
-0.00021
0.00053
0.00059
-0.00047
4e-05
0.00035
0.00152
2e-05
2e-05
-0.00035
-0.0006
0.00041
-0.00026
0.00025
-0.00014
-0.00069
0.00064
-0.00033
-0.0001
-0.00013
0.00101
-0.00012
1e-05
-0.00176
-6e-05
-0.00029
0.0
-4e-05
0.00024
-0.00018
0.00043
0.00038
-0.00084
0.00016
-3e-05
-0.00055
0.00027
-0.00023
4e-05
0.00065
-0.00011
0.0007
1e-05
1e-05
5e-05
-0.00093
0.00036
0.00051
-0.00079
3e-05
0.00032
0.00011
-2e-05
0.00027
-0.0001
0.00019
0.00206
0.00056
0.00038
-9e-05
-2e-05
-0.00047
-0.0003
-3e-05
-0.00038
-0.00033
