7e-05
-0.00053
0.00026
0.00029
-0.00024
0.00039
0.00011
-0.00141
0.001
-6e-05
2e-05
-0.00051
-0.00021
0.0005
-0.0004
-0.0002
2e-05
-0.00019
0.0001
0.0
0.00024
-0.00031
0.00097
-0.00063
0.00013
0.00028
0.00073
-0.00034
-0.00044
-0.00109
9e-05
0.00036
0.00064
4e-05
0.00084
0.00019
6e-05
0.00131
0.00018
0.00031
6e-05
-0.00051
-0.00226
0.00297
-0.00045
0.0
5e-05
0.00024
0.00029
0.0
-0.00075
0.00015
0.00035
-0.00056
-0.00025
-0.00453
-0.00103
-0.00153
0.00061
0.00233
0.00011
0.00059
2e-05
-4e-05
-0.00103
0.00186
8e-05
6e-05
-0.0002
-0.00086
-0.00123
-0.00025
-0.00034
-0.00125
-0.00408
0.00017
2e-05
-0.00096
9e-05
-0.00032
-0.00044
-0.0003
-0.00158
0.00042
-0.00056
-2e-05
0.00069
-0.00014
-0.00011
0.00014
0.00036
-0.00013
6e-05
-1e-05
0.00057
-0.00057
-0.0001
0.00072
0.00027
0.00118
0.00095
-0.00023
-7e-05
-0.00024
-0.00016
0.00083
-0.00138
-8e-05
-0.0007
-0.00071
0.0
-0.00178
-0.00057
1e-05
0.00153
-0.00095
-0.00056
-2e-05
-1e-05
0.00141
-0.00052
7e-05
0.00037
-0.00071
4e-05
0.00077
-0.00052
0.00034
0.00013
-0.00066
-0.0002
-0.0008
6e-05
-1e-05
0.0002
-0.00015
-0.00108
0.00124
-0.00129
-0.00015
0.00038
0.00015
-0.00121
0.00112
-0.00192
-0.00083
0.00018
0.00106
-0.0001
0.0006
-0.00024
-0.00041
0.00065
-1e-05
-0.00215
-0.00038
0.00058
0.00031
-6e-05
0.00067
-1e-05
0.00014
0.00309
-0.00022
0.00093
-0.00027
0.00037
0.0002
-0.00063
-0.0016
-0.0006
-1e-05
-5e-05
0.00131
4e-05
-5e-05
-0.00101
0.0005
-0.00091
-3e-05
-0.00124
0.00107
0.00033
-0.0001
-0.0001
0.0
0.0
0.00056
-0.00341
0.00023
0.00107
0.00243
-3e-05
0.00035
4e-05
8e-05
1e-05
5e-05
-4e-05
-0.00023
